6,
6,
6,
6,
6,
6,
6,
6,
6,
6,
6,
6,
6,
6,
6,
6,
6,
6,
6,
6,
6,
6,
6,
6,
6,
6,
6,
6,
6,
6,
6,
6,
6,
6,
6,
6,
6,
6,
6,
6,
6,
6,
6,
6,
6,
6,
6,
6,
6,
6,
6,
6,
6,
6,
6,
6,
6,
6,
6,
6,
6,
6,
6,
6,
6,
6,
6,
6,
6,
6,
6,
6,
6,
6,
6,
6,
6,
6,
6,
6,
6,
6,
6,
6,
6,
6,
5,
5,
5,
5,
5,
5,
5,
5,
5,
4,
4,
4,
4,
4,
3,
3,
3,
3,
2,
2,
2,
2,
1,
1,
1,
1,
0,
0,
0,
0,
0,
0,
0,
0,
0,
0,
1,
1,
1,
2,
3,
3,
4,
5,
6,
7,
8,
10,
11,
12,
14,
15,
17,
19,
21,
23,
25,
27,
29,
31,
33,
35,
37,
40,
42,
44,
47,
49,
51,
54,
56,
58,
61,
63,
65,
67,
70,
72,
74,
76,
79,
81,
83,
85,
87,
90,
92,
94,
96,
98,
100,
102,
105,
107,
109,
111,
113,
115,
117,
119,
121,
123,
125,
127,
130,
132,
134,
136,
138,
140,
142,
144,
146,
148,
150,
152,
154,
156,
158,
160,
163,
165,
167,
169,
171,
173,
175,
177,
179,
181,
183,
185,
187,
189,
191,
193,
195,
198,
200,
202,
204,
206,
208,
210,
212,
214,
216,
218,
220,
222,
224,
226,
228,
231,
233,
235,
237,
239,
241,
243,
245,
247,
249,
251,
253,
255,
255,
255,
255,
255