5,
5,
5,
5,
5,
5,
5,
5,
5,
5,
5,
5,
5,
5,
5,
5,
5,
5,
5,
5,
5,
5,
5,
5,
5,
5,
5,
5,
5,
5,
5,
5,
5,
5,
5,
5,
5,
5,
5,
5,
5,
5,
5,
5,
5,
5,
5,
5,
5,
5,
5,
5,
5,
5,
5,
5,
5,
5,
5,
5,
5,
5,
5,
5,
5,
5,
5,
5,
5,
5,
5,
5,
5,
5,
5,
5,
5,
5,
5,
5,
5,
5,
5,
5,
5,
5,
5,
5,
5,
5,
4,
4,
4,
4,
4,
4,
4,
4,
3,
3,
3,
3,
3,
2,
2,
2,
2,
1,
1,
1,
1,
1,
1,
0,
0,
0,
0,
0,
0,
1,
1,
1,
2,
2,
3,
3,
4,
5,
6,
7,
8,
9,
11,
12,
14,
15,
17,
18,
20,
22,
24,
26,
28,
30,
32,
34,
36,
38,
40,
42,
44,
46,
48,
50,
52,
54,
56,
58,
60,
62,
64,
66,
67,
69,
71,
73,
75,
77,
79,
81,
82,
84,
86,
88,
90,
92,
93,
95,
97,
99,
101,
103,
104,
106,
108,
110,
112,
113,
115,
117,
119,
121,
122,
124,
126,
128,
130,
131,
133,
135,
137,
139,
140,
142,
144,
146,
148,
149,
151,
153,
155,
157,
159,
160,
162,
164,
166,
168,
169,
171,
173,
175,
177,
178,
180,
182,
184,
186,
187,
189,
191,
193,
195,
196,
198,
200,
202,
204,
205,
207,
209,
211,
213,
215,
216,
218,
220,
222,
224,
225,
227,
229,
231,
233,
234,
236