5,
5,
5,
5,
5,
5,
5,
5,
5,
5,
5,
5,
5,
5,
5,
5,
5,
5,
5,
5,
5,
5,
5,
5,
5,
5,
5,
5,
5,
5,
5,
5,
5,
5,
5,
5,
5,
5,
5,
5,
5,
5,
5,
5,
5,
5,
5,
5,
5,
5,
5,
5,
5,
5,
5,
5,
5,
5,
5,
5,
5,
5,
5,
5,
5,
5,
5,
5,
5,
5,
5,
5,
5,
5,
5,
5,
5,
5,
5,
5,
5,
5,
5,
5,
5,
4,
4,
4,
4,
4,
4,
4,
4,
4,
3,
3,
3,
3,
3,
2,
2,
2,
2,
2,
1,
1,
1,
1,
1,
0,
0,
0,
0,
0,
0,
0,
0,
1,
1,
1,
2,
2,
3,
3,
4,
5,
6,
7,
8,
9,
10,
12,
13,
14,
16,
18,
19,
21,
23,
24,
26,
28,
30,
32,
34,
36,
38,
40,
42,
43,
45,
47,
49,
51,
53,
55,
57,
59,
61,
63,
64,
66,
68,
70,
72,
74,
75,
77,
79,
81,
82,
84,
86,
88,
89,
91,
93,
95,
96,
98,
100,
102,
103,
105,
107,
109,
110,
112,
114,
115,
117,
119,
121,
122,
124,
126,
128,
129,
131,
133,
134,
136,
138,
140,
141,
143,
145,
147,
148,
150,
152,
153,
155,
157,
159,
160,
162,
164,
166,
167,
169,
171,
172,
174,
176,
178,
179,
181,
183,
185,
186,
188,
190,
191,
193,
195,
197,
198,
200,
202,
204,
205,
207,
209,
210,
212,
214,
216,
217,
219,
221,
223,
224,
226,
228,
229