7,
6,
12,
-31,
0,
8,
-14,
-15,
33,
28,
38,
27,
29,
-19,
21,
-10,
2,
11,
20,
-1,
30,
15,
25,
-1,
1,
-4,
-21,
16,
18,
1,
-15,
23,
-12,
-18,
23,
-31,
2,
-1,
20,
-8,
-42,
21,
10,
-27,
3,
-47,
-2,
-40,
-56,
13,
-57,
18,
27,
-70,
-52,
38,
-50,
16,
32,
6,
-25,
9,
23,
62,
105,
22,
29,
-10,
2,
-13,
27,
13,
-76,
24,
7,
-15,
-94,
72,
-81,
4,
-96,
-9,
2,
62,
56,
25,
53,
72,
-13,
-33,
42,
-33,
-4,
-7,
-59,
-10,
36,
50,
-3,
1,
40,
-20,
-32,
31,
25,
-24,
-14,
-13,
40,
-23,
3,
18,
5,
20,
-77,
-58,
43,
-70,
-41,
52,
28,
35,
-48,
48,
40,
27,
-8,
61,
-9,
18,
-10,
-24,
28,
6,
-12,
12,
19,
-23,
-31,
-29,
-10,
-28,
14,
-45,
-7,
-33,
-26,
-25,
-18,
8,
-22,
-11,
-11,
-17,
17,
9,
-7,
-18,
14,
3,
1,
5,
12,
-11,
-2,
16,
23,
10,
10,
20,
20,
-7,
20,
-1,
2,
4,
-18,
21,
48,
-47,
50,
-40,
42,
-11,
67,
34,
-2,
-23,
14,
40,
-65,
-21,
127,
34,
13,
-75,
37,
-60,
17,
-67,
-83,
-32,
-62,
-37,
-1,
41,
54,
95