210,
207,
204,
201,
198,
195,
192,
189,
186,
183,
180,
177,
174,
171,
168,
165,
162,
160,
157,
154,
151,
149,
146,
143,
141,
138,
136,
133,
131,
128,
126,
123,
121,
118,
116,
114,
111,
109,
107,
104,
102,
100,
98,
96,
93,
91,
89,
87,
85,
83,
81,
79,
77,
75,
73,
72,
70,
68,
66,
64,
63,
61,
59,
57,
56,
54,
53,
51,
49,
48,
46,
45,
43,
42,
41,
39,
38,
37,
35,
34,
33,
31,
30,
29,
28,
27,
26,
24,
23,
22,
21,
20,
19,
18,
17,
17,
16,
15,
14,
13,
12,
12,
11,
10,
9,
9,
8,
8,
7,
6,
6,
5,
5,
4,
4,
3,
3,
3,
2,
2,
2,
1,
1,
1,
1,
1,
0,
0,
0,
0,
0,
0,
0,
0,
0,
0,
0,
0,
0,
1,
1,
1,
1,
1,
2,
2,
2,
3,
3,
3,
4,
4,
5,
5,
6,
6,
7,
8,
8,
9,
9,
10,
11,
12,
12,
13,
14,
15,
16,
17,
17,
18,
19,
20,
21,
22,
23,
24,
26,
27,
28,
29,
30,
31,
33,
34,
35,
37,
38,
39,
41,
42,
43,
45,
46,
48,
49,
51,
53,
54,
56,
57,
59,
61,
63,
64,
66,
68,
70,
72,
73,
75,
77,
79,
81,
83,
85,
87,
89,
91,
93,
96,
98,
100,
102,
104,
107,
109,
111,
114,
116,
118,
121,
123,
126,
128,
131,
133,
136,
138,
141,
143,
146,
149,
151,
154,
157,
160,
162,
165,
168,
171,
174,
177,
180,
183