-36,
17,
24,
14,
58,
12,
10,
-1,
34,
22,
19,
8,
15,
20,
39,
28,
-22,
-45,
-23,
-7,
55,
44,
42,
9,
-12,
-40,
-23,
-39,
-25,
4,
57,
22,
-3,
-26,
-30,
-45,
-34,
-35,
-41,
-23,
-45,
-77,
-39,
-39,
-24,
9,
14,
-24,
-17,
-6,
-13,
-5,
-24,
-33,
-19,
9,
-2,
-47,
-38,
-26,
-10,
9,
34,
39,
7,
-19,
-41,
-19,
-3,
-2,
-20,
-17,
-40,
-5,
3,
7,
54,
19,
-5,
18,
31,
7,
16,
13,
12,
21,
27,
22,
10,
15,
-14,
-65,
-60,
-59,
-2,
32,
25,
19,
9,
19,
-14,
-20,
-17,
7,
32,
16,
22,
19,
-19,
-56,
-44,
-24,
-26,
12,
-29,
-20,
22,
-17,
-47,
-33,
1,
-21,
-24,
5,
-4,
-3,
1,
-21,
3,
36,
24,
21,
15,
13,
35,
64,
66,
39,
-1,
-19,
-13,
-10,
-16,
-5,
2,
27,
2,
-42,
-81,
-106,
-65,
-22,
-30,
-87,
-68,
-11,
-57,
-50,
7,
16,
46,
43,
18,
29,
-2,
0,
44,
58,
65,
43,
21,
-33,
8,
25,
51,
60,
61,
17,
-20,
0,
15,
30,
5,
3,
4,
-14,
-43,
-80,
-84,
-34,
-43,
-41,
-60,
-65,
-70,
-35,
12,
16,
23,
0,
3,
1,
24,
40,
18,
7,
6,
2,
-18,
73,
3,
-34,
-109,
-48,
-61,
-60,
-50,
-46,
-4,
-4,
14,
21,
3,
-15,
-24,
-30,
3,
-12,
34,
22,
-52,
-71,
14,
20,
3,
-45,
-36,
0,
-3,
17,
7,
-22,
-15,
-14,
-10,
-12,
2,
2,
-11,
-47,
-61,
11,
12,
10,
-21,
-20,
-22,
-10,
-4,
12,
-14,
-22,
-46,
-19,
11,
15,
-40,
-29,
11,
40,
60,
10,
22,
19,
9,
3,
8,
22,
27,
60,
52,
38,
80,
46,
48,
34,
33,
28,
31,
-37,
-42,
-14,
-19,
-16,
-14,
-10,
-8,
-4,
-14,
-6,
28,
45,
-30,
-10,
32,
-10,
-9,
2,
-32,
8,
-23,
-28,
-25,
-17,
-13,
-10,
-8,
-36,
-103,
-84,
-18,
24,
10,
-50,
-86,
-42,
2,
-27,
-40,
-56,
-43,
-23,
-33,
-5,
-1,
17,
25,
24,
15,
14,
-5,
-12,
0,
-14,
-11,
21,
25,
47,
13,
-16,
-28,
-9,
-12,
28,
44,
23,
-11,
-25,
-12,
-2,
-14,
-30,
-24,
-12,
-14,
13,
15,
8,
17,
-6,
3,
-18,
-5,
13,
-1,
-26,
2,
15,
32,
30,
-25,
26,
23,
-11,
12,
9,
-2,
-57,
-42,
-25,
-29,
-11,
5,
-9,
-13,
5,
-27,
-18,
-20,
62,
28,
-3,
-53,
-68,
-15,
15,
12,
-5,
-35,
-22,
-31,
-6,
29,
29,
-3,
-42,
-13,
-10,
-2,
-1,
-21,
-102,
-63,
-25,
-6,
9,
-9,
-5,
-3,
2,
4,
-29,
60,
95,
73,
80,
39,
23,
6,
28,
3,
16,
15,
12,
26,
19,
3,
-36,
-23,
-23,
19,
12,
12,
-7,
-1,
3,
64,
23,
-23,
-59,
-39,
-5,
-22,
-15,
-47,
-39,
-6,
-1,
-12,
-50,
-47,
-27,
10,
-19,
-15,
34,
-7,
-4,
11,
42,
32,
14,
7,
10,
-5,
-21,
-33,
3,
7,
-1,
40,
68,
55,
5,
-1,
-10,
-36,
-50,
-71,
-36,
-38,
-62,
-19,
-31,
-2,
15,
1,
-1,
-18,
-21,
3,
5,
10,
-29,
-12,
24,
69,
93,
37,
17,
36,
16,
11,
6,
20,
18,
-1,
-9,
-57,
-33,
17,
21,
-19,
-2,
20,
37,
-4,
-4,
11,
25,
15,
28,
-7,
15,
5,
11,
6,
17,
53,
31,
27,
-6,
-1,
24,
52,
88,
82,
57,
36,
26,
34,
34,
16,
23,
-1,
18,
-14,
-22,
1,
8,
4,
12,
40,
86,
9,
-17,
-10,
-29,
-7,
-21,
-20,
-30,
-8,
-12,
-60,
-14,
32,
41,
44,
75,
53,
7,
-37,
-19,
-27,
-46,
-11,
6,
-12,
7,
-15,
-30,
-34,
-56,
-55,
11,
33,
18,
28,
48,
81,
10,
10,
-13,
25,
14,
20,
39,
10,
31,
57,
-10,
34,
18,
-6,
-5,
-4,
8,
26,
28,
40,
24,
-36,
-30,
-25,
-9,
-14,
-15,
-9,
-8,
-44,
-58,
-52,
-26,
-4,
5,
47,
30,
31,
51,
70,
44,
42,
44,
50,
35,
16,
33,
42,
45,
38,
22,
-1,
-4,
-5,
-27,
-15,
-14,
-11,
-24,
-7,
-12,
34,
51,
28,
31,
39,
47,
56,
42,
50,
28,
-13,
-18,
-49,
-30,
-31,
6,
32,
23,
16,
13,
34,
33,
13,
10,
3,
-87,
-72,
-18,
45,
54,
47,
2,
7,
28,
29,
42,
-6,
-17,
-2,
11,
5,
-10,
-8,
-4,
-11,
-43,
-29,
29,
54,
19,
-2,
-20,
4,
13,
12,
-23,
-7,
-34,
-18,
-36,
-44,
-8,
2,
0,
37,
57,
47,
25,
15,
14,
-52,
-16,
7,
4,
17,
-1,
-13,
-13,
3,
21,
5,
34,
-16,
-53,
-27,
-33,
-2,
6,
-10,
10,
-17,
34,
33,
1,
17,
-6,
9,
26,
10,
-7,
18,
68,
76,
54,
-18,
-32,
-1,
12,
24,
5,
10,
-38,
-48,
-69,
-53,
-25,
11,
19,
-3,
-11,
0,
70,
67,
-8,
7,
-9,
-28,
-70,
-74,
-70,
-68,
-21,
-21,
0,
4,
-5,
5,
-11,
-3,
13,
-21,
5,
-4,
-3,
4,
-48,
-71,
-41,
-53,
-46,
-43,
10,
11,
25,
-14,
-7,
-13,
-1,
-10,
-46,
-16,
27,
29,
22,
9,
38,
106,
100,
-14,
-31,
-26,
4,
4,
-14,
7,
-15,
-28,
-20,
-41,
-64,
-43,
-30,
12,
-25,
-6,
33,
56,
45,
-14,
10,
1,
36,
23,
19,
8,
42,
5,
-26,
-80,
-60,
-27,
-22,
63,
33,
50,
60,
64,
17,
-55,
-69,
-20,
-18,
-7,
-25,
-17,
-10,
21,
61,
20,
33,
29,
-18,
-8,
14,
26,
17,
6,
16,
-13,
16,
12,
5,
25,
4,
-2,
-26,
-26,
-11,
-2,
2,
41,
-29,
-32,
-37,
-71,
-8,
-12,
30,
46,
60,
22,
-3,
-33,
-19,
-43,
-76,
-41,
8,
6,
-22,
27,
5,
59,
71,
76,
-4,
-1,
6,
-9,
6,
27,
-14,
-9,
-26,
-37,
-59,
-41,
-41,
-24,
-16,
-22,
-44,
-20,
-6,
3,
-15,
23,
-24,
-21,
-46,
-21,
-6,
-19,
-36,
-22,
-19,
-21,
-37,
-7,
-31,
-36,
12,
-22,
-26,
-8,
-13,
-16,
-17,
-21,
-24,
-36,
-23,
-3,
-8,
11,
6,
34,
77,
67,
24,
-71,
-75,
-76,
-73,
-37,
-29,
-18,
-27,
-15,
-25,
-51,
-20,
21,
-7,
3,
-44,
-30,
33,
48,
32,
36,
19,
14,
39,
45,
-5,
4,
20,
44,
-41,
-46,
-34,
1,
13,
43,
49,
41,
4,
17,
7,
-10,
12,
9,
-9,
-32,
-19,
-30,
-35,
-30,
16,
19,
46,
24,
-7,
5,
25,
55,
17,
-7,
-9,
-5,
3,
24,
-1,
9,
38,
30,
29,
27,
-12,
-33,
-18,
-6,
-42,
-38,
-90,
-31,
8,
30,
4,
2,
6,
14,
-7,
16,
-7,
-81,
-92,
-45,
-28,
-16,
-25,
-31,
-55,
-74,
-62,
-40,
7,
14,
5,
27,
0,
-12,
1,
29,
64,
52,
31,
23,
-1,
-9,
5,
29,
28,
-67,
-52,
-24,
9,
-4,
-27,
3,
-19,
0,
-22,
-5,
-21,
-19,
-4,
-33,
-22,
-40,
-4,
1,
8,
17,
34,
8,
14,
5,
-16,
-5,
-7,
-7,
-14,
-4,
0,
-17,
-4,
-17,
7,
46,
91,
72,
38,
7,
-9,
0,
-9,
-9,
-14,
-56,
2,
-14,
5,
-7,
3,
-22,
-13,
5,
46,
93,
25,
-2,
-2,
-10,
-49,
-42,
-9,
-19,
-29,
-40,
-42,
-48,
-52,
-17,
-8,
-9,
-19,
-45,
-5,
-6,
-10,
3,
3,
-15,
6,
18,
10,
4,
57,
16,
18,
26,
26,
14,
-39,
2,
64,
31,
18,
31,
20,
13,
-5,
-46,
-54,
0,
1,
-13,
-84,
-57,
-39,
-20,
13,
-4,
-22,
69,
127,
25,
60,
23,
22,
20,
6,
-12,
5,
14,
-11,
13,
-4,
-21,
-15,
2,
-24,
-28,
31,
89,
80,
23,
-12,
13,
20,
-13,
-7,
4,
-32,
-6,
-3,
63,
77,
-3,
18,
11,
37,
98,
72,
41,
35,
-21,
-27,
-23,
-11,
-23,
-26,
-40,
1,
-2,
20,
13,
17,
14,
-23,
-37,
-18,
14,
24,
-23,
1,
-7,
-6,
24,
10,
2,
2,
5,
4,
-11,
20,
18,
27,
-5,
-21,
11,
11,
-25,
-26,
-20,
-15,
-8,
-9,
-8,
-12,
-13,
-10,
-17,
-41,
-12,
61,
2,
27,
33,
32,
65,
41,
-42,
-4,
-31,
-53,
-59,
-43,
-13,
-30,
-24,
-19,
-35,
-55,
-4,
26,
-50,
11,
2,
-1,
11,
10,
-15,
-9,
0,
17,
0,
7,
37,
30,
65,
42,
101,
52,
29,
14,
16,
9,
23,
38,
27,
25,
8,
-9,
-16,
-4,
-9,
-9,
-19,
-42,
-16,
-15,
-32,
6,
-35,
-26,
-50,
29,
56,
45,
42,
10,
22,
22,
29,
21,
12,
38,
15,
-9,
-1,
4,
-12,
-25,
-9,
12,
13,
-8,
-7,
-11,
-8,
17,
6,
-3,
16,
16,
19,
-16,
-25,
16,
6,
-10,
-9,
11,
6,
-53,
-2,
-2,
-14,
-27,
2,
-5,
22,
-1,
8,
0,
-6,
8,
-25,
-37,
-29,
-3,
3,
-14,
-62,
-84,
-93,
-64,
-56,
-20,
-14,
20,
39,
18,
54,
48,
40,
46,
9,
-19,
-33,
-43,
-46,
-34,
-29,
6,
3,
-11,
-5,
27,
1,
1,
12,
44,
36,
11,
-10,
31,
36,
-21,
-11,
6,
4,
60,
-13,
-4,
-23,
-12,
-2,
-11,
-4,
6,
-13,
-11,
7,
-4,
-12,
9,
17,
0,
-23,
-32,
-16,
9,
12,
-21,
3,
26,
24,
15,
15,
-3,
-34,
-30,
-6,
-9,
-6,
-45,
-39,
-18,
-41,
-63,
-70,
-25,
-38,
-3,
1,
-33,
-36,
-8,
-12,
-69,
-23,
5,
10,
-11