5,
-32,
-4,
3,
22,
-4,
-15,
-4,
16,
6,
-2,
4,
-13,
-12,
21,
-19,
18,
-8,
-4,
18,
7,
-10,
11,
-13,
-26,
-11,
-35,
-54,
-19,
-19,
-30,
-43,
-11,
53,
24,
30,
0,
5,
38,
-6,
-21,
23,
12,
-25,
5,
-5,
-36,
29,
-12,
29,
32,
19,
-19,
33,
44,
14,
18,
14,
-27,
18,
-4,
-13,
-35,
-10,
32,
7,
8,
-1,
41,
26,
15,
-41,
31,
4,
-2,
-11,
7,
-26,
3,
-10,
-29,
-20,
-4,
0,
1,
-39,
15,
15,
-4,
32,
22,
29,
3,
53,
47,
66,
59,
11,
-2,
-6,
39,
-9,
-77,
-51,
33,
-53,
-71,
16,
-20,
2,
30,
-20,
20,
55,
6,
52,
63,
28,
80,
6,
7,
-21,
18,
32,
-6,
-77,
-16,
-80,
-17,
-49,
-47,
-47,
3,
-55,
7,
-33,
20,
-29,
-6,
20,
3,
-23,
40,
-18,
17,
33,
8,
-15,
17,
35,
-15,
-4,
-17,
-3,
-15,
-19,
1,
-5,
-24,
-8,
-53,
10,
0,
-11,
-26,
-44,
-7,
7,
24,
10,
-8,
43,
2,
46,
22,
53,
-1,
-6,
40,
44,
34,
-12,
-9,
13,
-37,
-18,
1,
-60,
-9,
-63,
-17,
-36,
-33,
-26,
-41,
20,
-38,
-4,
8,
25,
29,
-42,
57,
62,
-21,
-2,
-19,
8,
-31,
-28,
20,
-24,
-60,
-45,
-56,
-74,
19,
-36,
45,
15,
-11,
55,
77,
88,
-38,
0,
-27,
7,
-31,
-30,
-27,
-15,
9,
-23,
0,
-26,
27,
7,
11,
-12,
-14,
-19,
-3,
19,
-1,
21,
-33,
27,
32,
-4,
-10,
46,
34,
39,
30,
8,
-57,
-46,
-62,
1,
33,
33,
10,
0,
66,
-26,
72,
45,
28,
-41,
39,
-4,
-62,
-67,
7,
19,
-34,
11,
12,
-27,
56,
64,
66,
68,
24,
-6,
10,
-69,
127,
68,
-14,
76,
55,
-21,
-16,
-11,
-109,
-70,
34,
-74,
-25,
-60,
-11,
16,
-29,
65,
93,
-47,
45,
-34,
56,
68,
-32,
-24,
-28,
30,
-50,
-4,
-36,
18,
53,
48,
46,
-34,
18,
50,
-13,
-26,
22,
3,
-29,
-3,
13,
-19,
-37,
-20,
-15,
23,
-29,
-4,
-41,
30,
-24,
-50,
-7,
12,
-8,
-23,
-20,
-4,
15,
-15,
67,
20,
47,
23,
24,
-1,
19,
4,
20,
2,
-17,
21,
-9,
-21,
24,
27,
-29,
14,
20,
-8,
6,
-21,
-5,
5,
2,
14,
-25,
9,
-8,
-36,
-1,
-27,
30,
-7,
-3,
18,
28,
17,
14,
28,
25,
17,
5,
21,
0,
-9,
22,
2,
-3,
-1,
-10,
-6,
18,
-5,
-3,
15,
-18,
-13,
-6,
13,
9,
18,
5,
-12