0,
126,
146,
158,
167,
173,
179,
183,
187,
191,
194,
197,
199,
202,
204,
206,
208,
209,
211,
213,
214,
216,
217,
218,
220,
221,
222,
223,
224,
225,
226,
227,
228,
229,
230,
231,
232,
232,
233,
234,
235,
235,
236,
237,
238,
238,
239,
239,
240,
241,
241,
242,
242,
243,
244,
244,
245,
245,
246,
246,
247,
247,
248,
248,
249,
249,
250,
250,
250,
251,
251,
252,
252,
252,
253,
253,
254,
254,
254,
255,
255,
255,
255,
255,
255,
255,
255,
255,
255,
255,
255,
255,
255,
255,
255,
255,
255,
255,
255,
255,
255,
255,
255,
255,
255,
255,
255,
255,
255,
255,
255,
255,
255,
255,
255,
255,
255,
255,
255,
255,
255,
255,
255,
255,
255,
255,
255,
255,
255,
255,
255,
255,
255,
255,
255,
255,
255,
255,
255,
255,
255,
255,
255,
255,
255,
255,
255,
255,
255,
255,
255,
255,
255,
255,
255,
255,
255,
255,
255,
255,
255,
255,
255,
255,
255,
255,
255,
255,
255,
255,
255,
255,
255,
255,
255,
255,
255,
255,
255,
255,
255,
255,
255,
255,
255,
255,
255,
255,
255,
255,
255,
255,
255,
255,
255,
255,
255,
255,
255,
255,
255,
255,
255,
255,
255,
255,
255,
255,
255,
255,
255,
255,
255,
255,
255,
255,
255,
255,
255,
255,
255,
255,
255,
255,
255,
255,
255,
255,
255,
255,
255,
255,
255,
255,
255,
255,
255,
255,
255,
255,
255,
255,
255,
255,
255,
255,
255,
255,
255,
255,
255,
255,
255,
255,
255,
255