61,
34,
26,
15,
-70,
10,
6,
-3,
-49,
-55,
-28,
-17,
-46,
-74,
-86,
-81,
-3,
26,
36,
39,
-16,
17,
19,
17,
26,
46,
48,
16,
5,
-14,
-16,
1,
-3,
-12,
-3,
14,
30,
27,
64,
37,
56,
46,
55,
44,
4,
-10,
1,
7,
10,
9,
21,
29,
57,
74,
53,
25,
-9,
71,
51,
45,
40,
45,
-7,
-25,
-39,
12,
36,
24,
7,
23,
50,
51,
52,
7,
-29,
-21,
-59,
-47,
-54,
-25,
36,
34,
23,
-2,
-12,
-8,
-4,
18,
29,
20,
81,
95,
89,
61,
-3,
47,
29,
4,
-36,
-56,
15,
18,
-8,
-43,
-45,
-25,
-18,
-21,
-19,
46,
75,
67,
41,
9,
36,
33,
-15,
-22,
1,
-1,
29,
26,
34,
27,
33,
34,
33,
35,
13,
-64,
-65,
-33,
-9,
45,
7,
-24,
-18,
-6,
13,
23,
34,
14,
19,
3,
-15,
-27,
15,
45,
49,
72,
60,
23,
-35,
79,
61,
25,
46,
18,
-33,
-57,
-70,
-67,
-34,
-43,
-6,
19,
18,
10,
-19,
-50,
-28,
53,
10,
-16,
-50,
-65,
-65,
-32,
-2,
-1,
-32,
-12,
-15,
-25,
-38,
16,
43,
72,
57,
46,
62,
53,
49,
49,
20,
-10,
-10,
-5,
-11,
0,
2,
18,
-4,
-32,
-8,
54,
62,
45,
14,
-3,
-2,
-5,
10,
6,
29,
34,
35,
25,
9,
-18,
-35,
-22,
31,
19,
54,
71,
25,
4,
-2,
-29,
14,
60,
41,
48,
45,
75,
55,
35,
15,
28,
44,
28,
43,
76,
81,
76,
40,
91,
68,
64,
53,
-63,
-66,
-51,
-36,
-48,
-29,
-24,
-18,
-49,
-32,
61,
57,
26,
21,
8,
-47,
46,
39,
20,
7,
3,
-10,
-11,
-12,
9,
16,
13,
-2,
-31,
-5,
-25,
-68,
-64,
-48,
54,
36,
15,
-56,
4,
18,
31,
18,
-4,
10,
16,
17,
22,
-8,
-70,
-68,
-28,
15,
44,
-46,
30,
38,
34,
44,
-11,
0,
-3,
20,
11,
16,
35,
44,
70,
104,
84,
46,
18,
-6,
24,
80,
71,
60,
29,
15,
21,
30,
28,
13,
23,
15,
11,
13,
-4,
-51,
-15,
-1,
10,
10,
23,
-1,
13,
33,
16,
-15,
4,
11,
18,
11,
-13,
-22,
-3,
-9,
7,
6,
13,
-10,
85,
38,
5,
-47,
-66,
-54,
-61,
-69,
-42,
-12,
-6,
-16,
-35,
27,
72,
80,
63,
35,
14,
49,
50,
18,
-45,
-50,
-40,
-26,
10,
26,
11,
2,
6,
15,
-19,
2,
56,
55,
76,
55,
45,
36,
30,
39,
28,
-10,
-32,
-34,
8,
16,
24,
14,
-9,
-8,
10,
59,
72,
72,
42,
38,
25,
43,
77,
38,
20,
-26,
-20,
6,
-12,
-24,
4,
-10,
-48,
-92,
-75,
-82,
-71,
-40,
45,
14,
-12,
44,
27,
-14,
-37,
-15,
10,
28,
56,
39,
7,
10,
39,
77,
70,
41,
33,
10,
23,
13,
30,
-3,
-40,
-14,
-18,
2,
12,
2,
0,
27,
62,
47,
36,
56,
51,
35,
15,
32,
-3,
-67,
-69,
-68,
-47,
-22,
-33,
17,
44,
37,
-6,
-35,
-33,
-91,
-99,
-54,
-21,
-35,
-48,
4,
51,
66,
50,
53,
54,
45,
39,
27,
26,
31,
60,
39,
6,
26,
29,
11,
63,
39,
16,
-10,
-65,
17,
36,
14,
10,
12,
23,
4,
-7,
4,
21,
46,
24,
-28,
-29,
43,
47,
25,
3,
50,
41,
17,
6,
16,
27,
28,
13,
23,
37,
60,
43,
-31,
-73,
-47,
20,
41,
29,
-26,
-41,
-30,
-7,
6,
17,
18,
33,
14,
0,
-13,
19,
48,
51,
40,
18,
38,
-4,
-46,
-50,
-39,
-28,
3,
9,
10,
3,
-2,
-19,
-11,
9,
21,
10,
-58,
-58,
-50,
-88,
-101,
-97,
-14,
41,
7,
1,
-12,
-10,
-10,
-11,
-4,
23,
56,
82,
96,
67,
21,
7,
62,
33,
30,
4,
-40,
-36,
-50,
-31,
-43,
-43,
-27,
-28,
-50,
-36,
-34,
2,
31,
44,
41,
62,
34,
21,
-13,
-35,
-1,
20,
2,
-9,
3,
9,
11,
10,
35,
74,
82,
43,
61,
43,
-17,
10,
3,
-33,
-72,
-31,
-28,
-31,
-50,
-36,
-36,
-73,
-61,
-62,
-19,
13,
57,
70,
29,
42,
34,
9,
42,
45,
34,
53,
-11,
-39,
-34,
-31,
-23,
-36,
-49,
-60,
-48,
-27,
2,
9,
83,
60,
53,
43,
31,
25,
-2,
-6,
-20,
-30,
-14,
-4,
-9,
48,
71,
34,
-42,
-57,
-23,
56,
45,
28,
14,
-84,
-12,
40,
44,
15,
32,
18,
9,
32,
34,
70,
18,
-58,
-48,
-29,
58,
38,
29,
2,
1,
6,
5,
29,
38,
42,
20,
7,
7,
26,
1,
-36,
-40,
-27,
13,
-18,
8,
24,
33,
40,
39,
23,
4,
8,
-12,
-32,
-38,
-31,
42,
81,
73,
44,
-20,
-18,
28,
6,
12,
2,
25,
87,
92,
63,
52,
39,
35,
42,
45,
28,
59,
72,
42,
19,
7,
42,
28,
37,
33,
34,
34,
34,
46,
42,
37,
50,
40,
26,
5,
-28,
-18,
-26,
-33,
-45,
34,
17,
-8,
-22,
-73,
-82,
-51,
-44,
-35,
-35,
-41,
-49,
-50,
-21,
-5,
-10,
26,
38,
29,
-14,
-14,
-4,
9,
10,
72,
87,
48,
-39,
-44,
-20,
-20,
-16,
4,
4,
-39,
-43,
25,
41,
28,
-2,
38,
30,
40,
40,
31,
55,
68,
64,
60,
56,
41,
34,
17,
35,
40,
-22,
-2,
14,
12,
16,
36,
91,
98,
91,
80,
50,
30,
9,
12,
32,
6,
7,
9,
11,
-12,
-13,
49,
31,
30,
52,
54,
35,
48,
24,
-1,
-4,
-31,
-24,
-24,
-9,
11,
68,
64,
10,
-14,
41,
13,
-2,
42,
28,
91,
79,
11,
-17,
-24,
14,
-3,
1,
-20,
-45,
-72,
-73,
-38,
-8,
-7,
-52,
-51,
14,
36,
-21,
-1,
13,
28,
17,
6,
-5,
-19,
-27,
-6,
20,
88,
110,
40,
39,
2,
-17,
-28,
-35,
16,
61,
58,
37,
59,
55,
66,
47,
54,
44,
51,
12,
13,
31,
-29,
-30,
-66,
-53,
-70,
-45,
-39,
-30,
-31,
-39,
-35,
-18,
-40,
-12,
2,
29,
36,
8,
6,
48,
19,
26,
46,
44,
10,
-38,
-49,
-53,
-18,
5,
11,
-4,
-11,
15,
6,
-9,
22,
43,
-18,
-43,
-77,
-1,
28,
46,
37,
-12,
-9,
-8,
1,
14,
15,
18,
35,
14,
-4,
5,
8,
-34,
-42,
-63,
-94,
-15,
69,
95,
75,
31,
14,
3,
11,
25,
-11,
2,
28,
34,
11,
7,
9,
10,
44,
30,
31,
42,
64,
60,
25,
6,
35,
47,
46,
51,
54,
33,
45,
42,
31,
42,
29,
15,
-37,
-33,
-28,
-33,
-21,
2,
-16,
-30,
-32,
-40,
-31,
34,
71,
51,
26,
-9,
67,
50,
21,
15,
-11,
-22,
-24,
-24,
-28,
-14,
-12,
-19,
-33,
-27,
-37,
10,
42,
33,
28,
-18,
-42,
-62,
-52,
-54,
-48,
-40,
-58,
-56,
-24,
-24,
-16,
4,
-2,
11,
66,
74,
75,
19,
59,
43,
54,
30,
25,
77,
88,
63,
-35,
-43,
-21,
-4,
13,
-2,
4,
-37,
-43,
-30,
-13,
28,
5,
-20,
-20,
-22,
49,
57,
9,
-15,
-42,
-53,
-23,
-21,
-31,
-9,
15,
47,
67,
13,
84,
8,
15,
1,
-2,
2,
32,
58,
50,
41,
25,
29,
67,
13,
-23,
35,
47,
18,
-8,
44,
24,
1,
-59,
-27,
-17,
-9,
-2,
-30,
-44,
-53,
-52,
-13,
30,
49,
52,
58,
59,
19,
51,
40,
-10,
-63,
-57,
-37,
49,
67,
13,
-15,
-19,
-40,
-27,
-51,
38,
61,
75,
56,
19,
22,
13,
12,
74,
64,
67,
-2,
-27,
-21,
-18,
-36,
-56,
-47,
-16,
6,
-21,
0,
1,
-12,
58,
32,
12,
-58,
-25,
30,
46,
1,
-24,
-32,
-22,
-3,
-14,
2,
23,
39,
42,
30,
10,
51,
10,
17,
25,
30,
70,
69,
56,
-1,
-21,
-34,
-26,
13,
15,
12,
87,
59,
50,
50,
25,
62,
20,
-14,
-42,
-24,
-30,
-58,
-46,
-40,
-34,
-37,
-5,
-4,
24,
55,
45,
49,
42,
34,
17,
12,
9,
27,
65,
57,
21,
-26,
-25,
-34,
-19,
-13,
-29,
-18,
-2,
-14,
-21,
-16,
9,
18,
-19,
-67,
-31,
-1,
-2,
-11,
8,
29,
32,
33,
36,
28,
38,
57,
40,
28,
9,
78,
30,
9,
2,
13,
53,
45,
50,
37,
36,
45,
31,
19,
13,
20,
45,
74,
72,
35,
34,
-13,
-13,
17,
-29,
-27,
7,
30,
28,
2,
-14,
-1,
-26,
-37,
-34,
-19,
46,
55,
40,
54,
63,
33,
7,
-51,
-39,
-44,
-50,
-34,
-9,
0,
-10,
-32,
-48,
-45,
-43,
-25,
7,
-15,
16,
-30,
-92,
-94,
-45,
39,
91,
80,
74,
62,
73,
71,
73,
44,
-21,
23,
21,
20,
28,
31,
23,
7,
-35,
-20,
4,
-16,
-26,
-6,
13,
0,
-9,
-10,
-17,
-27,
18,
40,
28,
13,
38,
6,
-1,
7,
54,
68,
69,
63,
68,
73,
54,
60,
31,
18,
38,
35,
19,
38,
29,
-54,
-45,
19,
40,
52,
67,
36,
39,
37,
15,
7,
13,
41,
38,
53,
69,
65,
11,
10,
-1,
-18,
-14,
67,
44,
24,
-13,
-13,
30,
45,
36,
-7,
-30,
-28,
-15,
-17,
6,
4,
-23,
45,
19,
12,
1,
-22,
-41,
-50,
-64,
-20,
-35,
-17,
0,
-39,
-34,
-61,
-6,
66,
81,
38,
32,
32,
9,
-23,
-50,
-44,
-30,
-25,
-27,
-35,
-39,
-49,
-31,
-15,
22,
39,
57,
73,
61,
89,
73,
40,
24,
24,
-1,
15,
49,
32,
3,
26,
31,
24,
-10,
-22,
-26,
-33,
10,
24,
0,
27,
34,
41,
67,
27,
19,
10,
2,
-3,
-14,
-2,
-23,
13,
19,
-31,
-51,
-49,
-25,
40,
61,
40,
-55,
-71,
-50,
-45,
-53,
-59,
-38,
-6,
16,
36,
16,
-8,
-15,
-36,
-26,
-14,
-60,
-92,
-90,
-74,
-67,
-51,
-13,
-25,
-4,
-10,
-15,
-12,
-10,
5,
11,
71,
97,
62,
28,
-54,
-60,
-8,
16,
20,
10,
-1,
-27,
-7,
-24,
-23,
-13,
-19,
-27,
-21,
-40,
-27,
-23,
-24,
71,
55,
48,
52,
-55,
-64,
-34,
-45,
-26,
-6,
-10,
-12,
-37,
-20,
-16,
-69,
-46,
-24,
-7,
16,
21,
33,
44,
30,
-50,
-43,
-36,
1,
15,
7,
9,
-8,
-31,
-67,
-61,
-49,
-11,
-8,
-38,
-52,
10,
12,
-70,
-61,
-35,
-75,
-57,
-16,
1,
-8,
7,
-46,
-7,
73,
68,
6,
-6,
-12,
27,
41,
46,
49,
76,
30,
-9,
-1,
16,
35,
34,
25,
-16,
-49,
-13,
3,
-8,
3,
0,
-30,
8,
15,
-43,
-39,
-12,
-8,
1,
5,
11,
-3,
-22,
0,
45,
53,
4,
-5,
-4,
-77,
8,
38,
80,
74,
67,
13,
-7,
-8,
-12,
5,
-10,
-26,
-52,
-70,
-69,
-57,
-61,
-29,
74,
53,
28,
4,
2,
-12,
-3,
-18,
8,
26,
15,
13,
1,
31,
61,
41,
-9,
-12,
-13,
47,
24,
-26,
-96,
-84,
-79,
-62,
-31,
-22,
-4,
-15,
-18,
-9,
-37,
-66,
-63,
-64,
-25,
-3,
27,
53,
43,
54,
18,
-31,
-21,
-41,
-43,
-28,
-14,
-18,
-1,
21,
48,
90,
63,
29,
12,
29,
43,
17,
60,
87,
-5,
-23,
-30,
3,
10,
36,
33,
-18,
-41,
-76,
-74,
-73,
-25,
12,
19,
-10,
-12,
37,
41,
19,
-3,
5,
-2,
-23,
-14,
23,
14,
45,
59,
37,
38,
33,
33,
-23,
0,
11,
44,
-17,
-36,
-36,
-22,
-23,
-19,
1,
7,
-16,
7,
36,
-19,
-38,
-20,
-5,
1,
-27,
-73,
-60,
15,
56,
40,
32,
25,
15,
9,
7,
21,
12,
-6,
-50,
-23,
20,
25,
-72,
-69,
-75,
-6,
8,
0,
-35,
-29,
-3,
-13,
6,
19,
27,
27,
36,
10,
-7,
4,
2,
-68,
-94,
-81,
-44,
-2,
0,
-22,
-36,
-20,
2,
4,
20,
23,
14,
50,
48,
54,
31,
2,
-17,
17,
34,
47,
71,
71,
46,
28,
39,
41,
37,
32,
37,
45,
72,
97,
85,
65,
41,
-37,
26,
43,
67,
87,
68,
27,
-6,
-39,
-47,
-5,
7,
-30,
17,
12,
-34,
-62,
-48,
-6,
30,
19,
38,
49,
94,
77,
58,
33,
-5,
-27,
-30,
-7,
-16,
-6,
1,
-13,
-41,
-33,
9,
3,
-14,
-47,
-51,
-32,
16,
3,
6,
0,
-4,
12,
18,
-11,
-5,
20,
-7,
-16,
3,
8,
-35,
14,
53,
-39,
-1,
-6,
4,
27,
-6,
-34,
-49,
-24,
-5,
17,
17,
58,
54,
68,
27,
-22,
-35,
36,
57,
95,
99,
52,
43,
24,
-3,
26,
27,
10,
6,
86,
92,
19,
-1,
10,
16,
7,
19,
13,
4,
44,
36,
10,
-3,
7,
11,
13,
16,
13,
41,
65,
47,
7,
-18,
-9,
-37,
-25,
25,
56,
87,
33,
14,
18,
12,
4,
27,
35,
35,
44,
66,
70,
12,
-2,
-27,
-68,
-64,
15,
70,
33,
-23,
-24,
-7,
6,
16,
15,
17,
34,
46,
73,
61,
48,
27,
-67,
-66,
19,
30,
-81,
-72,
-44,
-22,
-12,
17,
3,
7,
23,
59,
43,
7,
5,
43,
28,
10,
14,
27,
71,
67,
18,
-4,
-14,
-22,
-9,
22,
21,
-9,
17,
-18,
-72,
-54,
-27,
5,
-51,
-20,
1,
2,
-47,
-35,
-7,
-17,
-15,
-19,
-16,
-9,
13,
1,
11,
70,
72,
47,
34,
8,
-31,
-82,
-72,
28,
62,
57,
63,
36,
40,
26,
14,
7,
9,
1,
38,
67,
34,
7,
-2,
69,
87,
65,
74,
39,
24,
16,
8,
-24,
-21,
-2,
-8,
5,
21,
-25,
-28,
-30,
-5,
-51,
10,
18,
39,
47,
-34,
-30,
-40,
-16,
-16,
-2,
4,
-22,
-13,
-40,
-90,
-82,
-47,
-19,
49,
62,
59,
64,
67,
76,
81,
40,
18,
-5,
16,
27,
20,
11,
-48,
-79,
-53,
-40,
-12,
-13,
-18,
-27,
-40,
-63,
-49,
-34,
-11,
24,
50,
38,
34,
16,
32,
50,
49,
91,
52,
15,
4,
-58,
-54,
-52,
-71,
-58,
-16,
-1,
13,
16,
29,
25,
4,
-12,
-29,
-52,
-30,
-7,
23,
-35,
12,
37,
16,
17,
-15,
12,
15,
15,
-1,
-8,
-12,
-6,
-31,
-27,
-47,
-31,
-13,
18,
2,
23,
48,
77,
83,
35,
40,
25,
-3,
-12,
-1,
2,
-13,
-10,
-38,
-67,
-70,
-41,
-9,
-16,
-75,
-110,
-101,
-52,
-14,
8,
-17,
-23,
-17,
-7,
6,
24,
-17,
-30,
-59,
-35,
-15,
20,
10,
1,
-17,
6,
45,
-23,
-17,
8,
68,
28,
11,
10,
17,
22,
8,
20,
2,
2,
-9,
-51,
-37,
-21,
23,
56,
60,
58,
54,
41,
-12,
-17,
2,
23,
-6,
-48,
-56,
-19,
-12,
7,
7,
54,
64,
76,
94,
77,
51,
43,
19,
10,
5,
23,
21,
5,
-31,
-54,
-50,
-31,
-4,
3,
43,
55,
77,
69,
64,
-1,
11,
20,
8,
5,
19,
3,
19,
43,
37,
11,
-20,
-25,
34,
23,
-88,
-87,
-10,
34,
18,
4,
-1,
-14,
-24,
-6,
2,
4,
-5,
-31,
-43,
-25,
-17,
21,
3,
-56,
-65,
-43,
-54,
-51,
-14,
7,
7,
20,
8,
-6,
4,
19,
45,
54,
-6,
-3,
-71,
-92,
-90,
-102,
-80,
-34,
22,
39,
11,
-2,
3,
6,
29,
-7,
-5,
-22,
-19,
-24,
-4,
-4,
25,
25,
-80,
-72,
-51,
-46,
-29,
-12,
-10,
-10,
6,
15,
-4,
2,
20,
20,
8,
-15,
11,
-8,
34,
44,
48,
41,
36,
22,
34,
37,
15,
25,
19,
30,
10,
57,
58,
9,
0,
-83,
-3,
27,
-3,
-4,
2,
11,
-4,
1,
-8,
-22,
-1,
23,
13,
-6,
16,
8,
-15,
-8,
31,
36,
48,
77,
91,
64,
23,
32,
23,
24,
51,
47,
71,
56,
51,
15,
-5,
2,
0,
73,
55,
63,
-13,
-43,
-19,
45,
42,
44,
38,
36,
35,
37,
28,
37,
12,
-32,
-31,
-30,
-19,
-82,
-108,
-85,
68,
85,
57,
27,
5,
-8,
-2,
9,
1,
-26,
-35,
-60,
-43,
-25,
-3,
-24,
-44,
-82,
-69,
25,
25,
-20,
-18,
-12,
-1,
16,
17,
13,
-21,
-12,
17,
3,
-10,
-14,
-32,
-85,
-102,
-66,
-52,
-27,
1,
-9,
-6,
14,
12,
8,
12,
49,
19,
-3,
14,
-10,
-4,
-28,
-15,
-17,
-25,
-38,
-2,
11,
7,
-3,
-15,
-20,
-16,
-40,
-23,
5,
3,
57,
33,
-4,
37,
56,
58,
39,
-15,
-10,
-36,
-24,
-16,
-28,
-30,
-43,
-38,
-28,
-22,
-1,
23,
5,
5,
16,
26,
66,
76,
96,
91,
5,
20,
25,
-10,
-9,
2,
-15,
-33,
-70,
-54,
-49,
-57,
-10,
-39,
-69,
-88,
-57,
64,
70,
36,
3,
30,
28,
20,
43,
32,
46,
50,
53,
38,
22,
37,
-28,
50,
57,
75,
54,
-8,
-17,
-6,
-14,
-14,
5,
-9,
20,
10,
-55,
-67,
-45,
-13,
5,
-58,
-94,
-113,
-76,
-21,
12,
-6,
-26,
-26,
-3,
17,
13,
21,
19,
24,
-48,
-39,
-44,
-15,
-16,
-71,
-94,
-108,
-62,
9,
50,
67,
77,
79,
60,
75,
71,
55,
45,
31,
-12,
-23,
-18,
-43,
-64,
-32,
-23,
-4,
-12,
2,
19,
14,
5,
-12,
2,
13,
47,
44,
65,
60,
46,
38,
-8,
-20,
-55,
-111,
-95,
-46,
10,
40,
39,
35,
0,
11,
28,
54,
68,
34,
-30,
-29,
-31,
8,
-46,
-108,
-115,
-68,
-49,
-31,
-5,
-28,
-29,
-21,
13,
-21,
-68,
-68,
-52,
-35,
-25,
-14,
-11,
-21,
-52,
-61,
-34,
26,
4,
-3,
10,
20,
0,
5,
24,
40,
50,
-6,
24,
49,
-3,
-12,
-57,
-98,
-102,
-103,
-66,
-15,
13,
25,
14,
-4,
6,
1,
-24,
-49,
-55,
-51,
-17,
-18,
32,
51,
45,
33,
1,
-19,
-17,
8,
23,
3,
-2,
2,
17,
23,
5,
-41,
-41,
-8,
6,
-15,
8,
19,
54,
81,
72,
48,
46,
11,
-18,
-11,
-6,
-4,
-3,
-11,
20,
13,
-4,
18,
-50,
-96,
-97,
-39,
27,
41,
18,
31,
29,
43,
43,
28,
56,
69,
28,
2,
26,
-14,
-30,
36,
50,
53,
43,
65,
43,
-3,
-11,
-16,
-22,
-14,
-2,
-7,
-36,
-53,
-40,
-41,
-10,
10,
86,
90,
58,
-72,
-65,
-53,
-31,
2,
7,
-5,
1,
-8,
-2,
-2,
-14,
-26,
-28,
0,
25,
-13,
36,
66,
5,
-48,
-40,
-20,
-10,
-11,
-30,
-48,
-24,
-6,
-28,
13,
5,
-23,
-24,
-13,
-27,
-3,
-6,
48,
84,
18,
5,
6,
1,
-21,
-27,
-19,
-23,
-39,
-29,
-9,
-28,
-9,
-11,
12,
-35,
-18,
74,
76,
-3,
7,
21,
32,
6,
0,
26,
28,
34,
13,
39,
33,
-5,
3,
56,
49,
38,
51,
77,
38,
26,
48,
45,
42,
45,
4,
8,
20,
25,
-4,
-15,
-14,
-10,
14,
65,
77,
42,
39,
30,
42,
37,
16,
7,
-5,
-7,
12,
-46,
-45,
-7,
72,
64,
8,
-20,
-20,
-1,
14,
54,
42,
-7,
15,
19,
-5,
-29,
-24,
-3,
4,
10,
19,
30,
22,
-4,
-55,
-73,
-12,
17,
26,
-22,
-28,
-13,
-22,
-35,
-29,
-18,
-23,
-36,
27,
67,
66,
36,
-5,
17,
-2,
-24,
28,
71,
63,
-1,
21,
-5,
-10,
19,
40,
36,
3,
15,
13,
9,
25,
4,
-9,
-38,
-28,
18,
42,
-13,
-29,
-34,
-20,
-14,
0,
-21,
-8,
18,
66,
98,
33,
6,
7,
-18,
-67,
-96,
-54,
-39,
-14,
-2,
-1,
31,
28,
6,
-9,
-30,
9,
64,
84,
65,
13,
-4,
13,
25,
21,
37,
14,
-10,
-23,
1,
-16,
-16,
0,
-18,
-30,
-34,
-10,
-19,
-51,
-30,
-12,
11,
-4,
-5,
13,
-19,
-41,
-21,
25,
34,
22,
1,
-5,
-1,
-11,
-16,
53,
61,
-6,
3,
72,
64,
72,
68,
-12,
-9,
-12,
3,
-11,
-3,
-7,
-16,
-1,
-7,
27,
78,
65,
33,
16,
-86,
-86,
11,
66,
43,
41,
37,
37,
29,
6,
6,
-6,
13,
40,
46,
16,
-1,
-26,
-29,
25,
45,
41,
30,
44,
35,
-1,
-12,
0,
-6,
-8,
-1,
-37,
-9,
18,
35,
36,
25,
4,
-15,
33,
44,
-61,
-47,
-30,
-28,
8,
12,
13,
3,
14,
13,
22,
50,
62,
63,
22,
9,
44,
56,
32,
27,
47,
40,
-19,
-3,
14,
39,
3,
-14,
-39,
-40,
-84,
-84,
-38,
-12,
-9,
10,
51,
43,
-5,
49,
37,
-1,
18,
14,
8,
0,
-6,
8,
16,
-1,
74,
96,
63,
12,
-31,
34,
52,
25,
55,
53,
-13,
-22,
-18,
-24,
-20,
-34,
-52,
-77,
-88,
-52,
-21,
-6,
14,
-36,
71,
67,
96,
83,
71,
44,
29,
26,
-5,
-13,
-28,
-28,
-21,
2,
13,
31,
43,
17,
-4,
-9,
39,
48,
-63,
-48,
-49,
-24,
-18,
-16,
-28,
-31,
-34,
-19,
-24,
-17,
11,
6,
6,
-79,
-87,
17,
50,
57,
81,
63,
55,
68,
56,
41,
-2,
13,
57,
53,
-7,
13,
11,
-27,
71,
37,
-19,
-28,
-20,
0,
-13,
-9,
14,
-4,
-30,
-37,
-41,
-64,
-81,
-53,
-26,
-1,
-16,
-47,
-62,
2,
46,
81,
39,
24,
35,
22,
8,
7,
-10,
0,
46,
50,
49,
-9,
-20,
-8,
36,
31,
-3,
-54,
-43,
-41,
-9,
-14,
-6,
-14,
-14,
-20,
-20,
3,
26,
54,
31,
-36,
-20,
57,
71,
42,
-55,
-14,
21,
32,
40,
31,
33,
16,
-9,
-7,
35,
39,
41,
38,
8,
-15,
-13,
-29,
-14,
-55,
-51,
-36,
-17,
26,
38,
9,
-2,
-15,
-17,
9,
16,
16,
40,
-12,
-13,
2,
26,
31,
36,
25,
-47,
-25,
7,
-13,
-32,
-31,
-35,
-51,
-49,
-55,
-66,
-70,
-45,
-37,
-16,
-67,
-34,
49,
80,
84,
53,
49,
71,
49,
15,
5,
-12,
16,
35,
82,
78,
39,
-10,
-58,
-4,
49,
64,
72,
8,
-10,
-20,
-22,
-3,
3,
-14,
-25,
-50,
-65,
-40,
23,
30,
3,
-31,
-74,
-48,
55,
44,
-33,
-19,
-5,
5,
25,
4,
-11,
-5,
58,
39,
-21,
1,
-3,
10,
-90,
-18,
12,
-27,
-40,
-26,
-31,
-57,
-54,
-47,
-20,
-19,
-17,
-45,
-63,
-68,
-55,
-45,
-11,
-32,
-22,
51,
63,
57,
48,
38,
33,
44,
53,
19,
-2,
4,
17,
-13,
-48,
-12,
-5,
-9,
-25,
-61,
-7,
32,
-12,
-31,
-28,
13,
39,
3,
4,
-10,
-19,
-3,
19,
18,
-23,
-26,
12,
51,
76,
66,
43,
32,
-16,
-16,
8,
-29,
-27,
-34,
-43,
-49,
-56,
-40,
9,
43,
2,
5,
35,
48,
-5,
-71,
-61,
-33,
-39,
-25,
-18,
-2,
-10,
-9,
-2,
31,
50,
25,
18,
6,
7,
29,
8,
18,
40,
59,
26,
-15,
-18,
-19,
-17,
-21,
-23,
-21,
-40,
-56,
-56,
-35,
-26,
-23,
8,
37,
47,
33,
-10,
-32,
-38,
-22,
-28,
-45,
-60,
-31,
-28,
-53,
-73,
-47,
14,
11,
-14,
5,
52,
52,
-30,
7,
8,
-21,
-8,
4,
25,
26,
12,
9,
16,
55,
63,
53,
-14,
-14,
6,
59,
71,
29,
-19,
-8,
4,
-27,
-30,
-52,
-61,
-31,
-26,
-15,
24,
20,
-34,
-45,
-27,
-50,
-90,
-84,
13,
56,
96,
81,
49,
38,
48,
36,
11,
4,
43,
47,
59,
55,
12,
-23,
-55,
-79,
-2,
51,
72,
64,
51,
47,
35,
29,
5,
-1,
15,
27,
68,
98,
70,
3,
-15,
-17,
-21,
-51,
-55,
-61,
-49,
-78,
-57,
-47,
-22,
-12,
-32,
-47,
-55,
-16,
45,
57,
8,
-18,
62,
40,
36,
-27,
-41,
-40,
-31,
-37,
-45,
-54,
-25,
2,
-4,
11,
16,
-1,
17,
13,
9,
-13,
32,
31,
3,
-4,
-15,
-21,
-9,
-34,
-19,
-29,
-8,
-2,
45,
64,
40,
-17,
5,
32,
-56,
-84,
-66,
8,
57,
-17,
-37,
-49,
-40,
-1,
3,
-3,
-17,
8,
40,
90,
69,
-18,
-38,
-30,
-83,
-93,
-90,
-80,
-43,
-52,
-41,
-20,
3,
1,
-36,
-39,
-42,
-27,
26,
22,
1,
-6,
-26,
-36,
-61,
-77,
-76,
-67,
-52,
-29,
-34,
-42,
-58,
-52,
-50,
-27,
24,
66,
83,
42,
-1,
-11,
-87,
-99,
-103,
-74,
-46,
-33,
-19,
-18,
-6,
-16,
-17,
0,
-5,
-25,
-52,
12,
45,
10,
-18,
-44,
-56,
-75,
-59,
-25,
25,
21,
18,
-6,
-1,
-10,
-21,
-4,
-2,
15,
39,
42,
20,
28,
41,
46,
55,
52,
45,
51,
10,
23,
37,
28,
32,
32,
19,
2,
-8,
-13,
-31,
-22,
19,
25,
0,
-49,
-32,
-14,
-4,
6,
2,
18,
20,
32,
18,
31,
29,
-14,
-18,
9,
8,
-80,
-61,
-67,
-91,
-54,
-53,
-40,
-31,
-24,
-38,
-43,
-52,
-26,
-20,
-42,
-30,
1,
29,
32,
-65,
-71,
-56,
-49,
-4,
15,
-9,
-24,
-32,
-31,
-31,
-19,
-29,
27,
24,
-9,
7,
41,
36,
6,
-5,
-31,
25,
68,
59,
18,
24,
22,
-5,
8,
11,
6,
26,
2,
-10,
-28,
-26,
-20,
-62,
-101,
-108,
-71,
-39,
-2,
14,
6,
2,
-2,
-29,
-29,
-23,
-17,
6,
55,
56,
8,
-1,
28,
24,
-6,
-23,
-11,
12,
28,
28,
-1,
-19,
-13,
-4,
17,
8,
10,
-31,
-37,
-13,
-10,
-23,
-115,
-115,
-81,
-101,
-69,
-3,
7,
-1,
-8,
-12,
7,
15,
42,
31,
-39,
2,
78,
49,
-12,
-2,
28,
62,
55,
-6,
-2,
-15,
-18,
-10,
-10,
-3,
-4,
29,
20,
-39,
-19,
-12,
-9,
-62,
-98,
14,
92,
63,
14,
20,
34,
47,
30,
35,
45,
27,
30,
30,
-24,
-32,
-38,
-10,
-37,
-7,
34,
43,
-7,
-6,
26,
45,
28,
16,
15,
-3,
-10,
21,
33,
-15,
-43,
-24,
-21,
-8,
22,
53,
22,
19,
8,
29,
22,
19,
18,
8,
5,
24,
36,
14,
12,
-4,
-41,
-23,
31,
-12,
-50,
-90,
-64,
-23,
-9,
-18,
-19,
-8,
-4,
-14,
-11,
-13,
-32,
-22,
-32,
-31,
-17,
-102,
-115,
-106,
-62,
27,
33,
2,
-22,
-12,
-2,
-7,
-6,
3,
8,
29,
7,
-28,
18,
16,
-21,
1,
27,
60,
73,
73,
64,
79,
47,
51,
39,
27,
21,
22,
41,
21,
-43,
-14,
6,
19,
20,
-2,
19,
32,
35,
27,
-17,
-11,
-2,
-15,
-17,
-28,
-40,
-12,
-3,
-37,
-29,
-15,
17,
65,
55,
25,
-11,
-26,
1,
7,
-4,
-8,
-3,
-5,
-26,
-48,
28,
26,
12,
6,
40,
-21,
2,
-7,
35,
58,
83,
72,
72,
67,
65,
62,
71,
66,
55,
35,
36,
-14,
-43,
-14,
-5,
-63,
-62,
-19,
7,
-30,
8,
7,
-2,
7,
11,
23,
21,
17,
1,
-76,
-53,
-34,
-17,
-63,
-90,
-86,
13,
39,
42,
4,
-2,
7,
15,
22,
11,
23,
33,
14,
-26,
-38,
-36,
-23,
-5,
32,
65,
33,
52,
78,
53,
11,
13,
-17,
4,
-1,
-2,
-2,
-43,
-54,
-57,
-53,
-40,
-32,
-64,
-59,
24,
43,
19,
34,
23,
40,
36,
34,
18,
25,
-10,
5,
6,
-1,
-21,
-20,
-72,
-58,
3,
33,
49,
44,
45,
39,
53,
46,
31,
21,
11,
17,
29,
48,
-16,
-4,
-16,
-1,
10,
-3,
-7,
21,
48,
23,
-2,
-5,
3,
3,
12,
11,
4,
-4,
-8,
-9,
-24,
1,
8,
39,
45,
35,
68,
56,
49,
46,
50,
45,
39,
22,
19,
1,
25,
4,
-61,
-42,
-16,
-11,
-38,
-87,
-80,
-57,
-42,
-23,
-25,
-18,
-16,
-27,
-27,
-18,
-7,
-17,
21,
36,
-16,
-7,
-46,
-69,
-82,
-92,
-57,
-39,
-14,
-14,
-15,
-30,
-28,
-33,
-23,
-39,
-22,
-29,
-22,
-3,
5,
-32,
-71,
-93,
-84,
-65,
-61,
-35,
-38,
-39,
-43,
-42,
-47,
-30,
-18,
9,
-1,
-27,
-13,
-4,
-22,
-67,
-67,
-45,
-4,
1,
25,
29,
17,
14,
18,
28,
-4,
28,
38,
0,
-38,
-19,
-11,
-32,
-5,
47,
100,
74,
68,
67,
67,
52,
78,
49,
38,
36,
36,
0,
-27,
-20,
-23,
-17,
-43,
-76,
-93,
-85,
-36,
-6,
-32,
-36,
-15,
-22,
-23,
-28,
-15,
-19,
-29,
-53,
-58,
-33,
-16,
-41,
-86,
-99,
-91,
-65,
2,
2,
19,
12,
15,
12,
15,
28,
40,
3,
-24,
-34,
-27,
-26,
-49,
-70,
-55,
-39,
-13,
9,
33,
21,
23,
20,
3,
14,
24,
26,
8,
-59,
-53,
-20,
-1,
-48,
-39,
-9,
31,
49,
22,
6,
-9,
-15,
-30,
-33,
-38,
-54,
-39,
-47,
-30,
-38,
-28,
-10,
-1,
2,
-4,
-38,
-68,
-48,
-14,
-4,
-14,
-26,
-23,
-32,
-14,
20,
2,
-40,
-25,
-20,
-45,
-40,
-74,
-84,
-103,
-71,
26,
34,
26,
5,
-17,
8,
10,
5,
15,
20,
-36,
-55,
-38,
-19,
-22,
29,
38,
71,
73,
82,
90,
65,
64,
68,
53,
46,
64,
39,
-10,
-51,
-54,
-35,
-20,
-7,
76,
92,
39,
32,
27,
43,
37,
40,
54,
55,
44,
21,
21,
-12,
-46,
-49,
-23,
-13,
-55,
-1,
3,
-14,
-28,
-37,
-27,
-29,
-28,
11,
8,
0,
39,
34,
11,
10,
-6,
-12,
-6,
-25,
43,
16,
15,
14,
-3,
-51,
-48,
-40,
-11,
-24,
-27,
-33,
-18,
40,
30,
9,
21,
28,
-60,
-58,
-69,
-52,
-29,
12,
28,
50,
31,
36,
42,
47,
43,
15,
-29,
-57,
-61,
-29,
-13,
5,
-41,
-77,
-80,
-77,
-65,
-36,
-8,
-7,
9,
9,
2,
4,
-46,
-77,
-21,
25,
60,
29,
-68,
-47,
9,
33,
45,
30,
29,
24,
12,
-4,
17,
7,
15,
-1,
-53,
-69,
-69,
-22,
-4,
36,
22,
14,
-23,
-43,
-30,
-37,
-29,
-8,
18,
15,
12,
13,
-5,
-32,
-53,
-40,
-7,
21,
26,
41,
34,
20,
34,
21,
-27,
25,
16,
9,
7,
-4,
-4,
30,
-28,
-63,
-41,
40,
50,
-6,
-9,
10,
59,
70,
-68,
-52,
-15,
4,
-9,
-26,
-16,
-3,
24,
27,
-32,
-48,
-21,
-10,
-14,
-54,
-78,
-103,
-75,
-7,
21,
22,
14,
9,
11,
58,
59,
27,
23,
-5,
-41,
-27,
19,
33,
9,
7,
49,
67,
24,
-43,
-50,
-32,
2,
-11,
-38,
-34,
-13,
14,
-53,
-83,
-57,
-51,
-79,
-111,
-64,
-79,
-39,
-2,
55,
79,
62,
39,
7,
-13,
40,
18,
-31,
-54,
-31,
-14,
-8,
-63,
-85,
-117,
-46,
18,
31,
11,
-3,
-14,
-15,
-10,
19,
25,
4,
-8,
13,
58,
21,
-11,
37,
58,
44,
-91,
-70,
-62,
-40,
-18,
1,
18,
18,
3,
-6,
-38,
-76,
-78,
-57,
-42,
-32,
29,
25,
26,
-11,
-48,
-53,
-55,
-43,
-35,
-43,
-50,
-35,
7,
40,
-22,
-11,
45,
40,
33,
-21,
25,
24,
21,
23,
-14,
-21,
-20,
-4,
14,
-7,
-33,
-11,
-21,
-17,
38,
51,
52,
30,
30,
16,
22,
60,
8,
14,
29,
15,
18,
39,
37,
39,
74,
14,
-58,
-16,
34,
-26,
-16,
-63,
-118,
-73,
-19,
-42,
-11,
-12,
-18,
-16,
-4,
8,
17,
17,
-35,
-76,
-72,
-65,
-27,
-31,
16,
-27,
-46,
-52,
-52,
-47,
13,
37,
9,
9,
3,
-2,
-6,
-9,
-26,
-20,
3,
7,
8,
78,
66,
56,
60,
-50,
-71,
-60,
-35,
7,
19,
1,
-19,
-8,
-24,
-94,
-82,
-64,
-13,
-18,
-40,
-128,
-124,
-121,
-64,
-44,
-37,
-12,
4,
21,
28,
5,
8,
-42,
-82,
-90,
-67,
-57,
-21,
22,
71,
50,
20,
-50,
-36,
-47,
-53,
-51,
-37,
-46,
-53,
-63,
-73,
-63,
-24,
13,
32,
6,
21,
16,
12,
0,
-66,
-48,
-32,
-26,
-5,
9,
25,
15,
0,
-36,
-49,
-88,
-60,
-23,
-24,
-44,
4,
21,
-9,
19,
-1,
-41,
-67,
-41,
19,
40,
41,
54,
26,
-2,
33,
47,
46,
11,
21,
12,
14,
12,
0,
23,
42,
33,
26,
30,
45,
55,
36,
-3,
-51,
-69,
-38,
-13,
17,
35,
21,
29,
62,
-35,
-64,
-73,
-57,
-27,
-3,
-13,
-36,
-18,
-24,
-86,
-86,
-47,
-28,
-14,
-38,
3,
22,
74,
92,
-37,
-48,
-45,
-2,
-15,
-11,
-16,
-29,
-25,
-61,
-56,
22,
18,
-7,
-21,
-23,
28,
15,
-11,
-50,
-40,
-21,
-14,
-6,
23,
18,
-22,
-12,
-54,
-88,
-61,
-36,
-23,
-63,
-50,
24,
47,
78,
-8,
32,
54,
48,
29,
34,
30,
4,
-41,
-47,
-72,
-51,
16,
11,
54,
19,
6,
34,
51,
38,
48,
32,
16,
-12,
-9,
4,
-30,
-47,
-48,
-36,
41,
54,
20,
-51,
7,
38,
22,
19,
22,
44,
10,
20,
29,
-21,
-18,
6,
-15,
21,
25,
-50,
-33,
-7,
-26,
-17,
20,
47,
89,
52,
7,
-18,
-19,
2,
13,
3,
28,
36,
-11,
-70,
-11,
35,
6,
-7,
-37,
9,
62,
41,
16,
-5,
-16,
2,
-8,
17,
13,
14,
-14,
-36,
-59,
-42,
1,
26,
43,
33,
65,
60,
58,
-45,
-59,
-64,
-48,
13,
3,
-15,
-8,
-19,
1,
-11,
17,
27,
-4,
29,
11,
17,
-7,
-61,
-18,
-4,
24,
-6,
-12,
6,
5,
19,
-4,
-23,
-11,
57,
42,
34,
-29,
12,
18,
-33,
-45,
-57,
-53,
-41,
-31,
-36,
-29,
-20,
16,
41,
10,
-4,
-26,
-35,
-19,
-19,
-38,
-54,
-74,
-63,
-21,
-21,
-7,
-15,
-8,
-8,
3,
25,
-6,
-38,
-41,
-73,
-41,
-25,
-61,
-85,
-96,
-79,
-3,
49,
50,
8,
6,
4,
-6,
21,
43,
-7,
-25,
57,
59,
32,
33,
26,
17,
15,
26,
41,
42,
26,
52,
18,
32,
31,
28,
47,
35,
22,
-14,
4,
46,
28,
7,
-14,
-24,
-39,
-2,
12,
15,
-11,
-6,
6,
28,
70,
71,
49,
41,
47,
35,
-4,
-26,
-33,
-43,
41,
38,
-19,
5,
-14,
-36,
-5,
45,
40,
-3,
-2,
8,
-38,
-6,
10,
-3,
-16