3,
13,
14,
5,
3,
4,
13,
12,
5,
5,
3,
2,
4,
7,
6,
3,
2,
4,
4,
1,
1,
4,
18,
26,
12,
6,
6,
1,
1,
2,
2,
2,
3,
2,
1,
2,
2,
1,
7,
16,
17,
15,
11,
4,
4,
6,
3,
1,
2,
3,
3,
4,
4,
2,
1,
1,
1,
1,
10,
14,
20,
21,
5,
2,
11,
15,
15,
12,
6,
4,
4,
6,
5,
7,
5,
1,
2,
2,
1,
2,
10,
10,
3,
13,
13,
4,
4,
4,
2,
1,
1,
1,
3,
6,
5,
6,
6,
1,
1,
1,
1,
0,
2,
3,
7,
11,
5,
3,
4,
5,
6,
5,
3,
1,
1,
1,
2,
3,
4,
3,
3,
6,
4,
3,
2,
1,
1,
2,
5,
5,
4,
4,
1,
7,
13,
7,
0,
0,
0,
1,
5,
11,
6,
1,
1,
2,
3,
3,
9,
8,
0,
0,
5,
5,
10,
17,
15,
5,
1,
11,
15,
6,
1,
5,
7,
4,
2,
2,
5,
5,
1,
1,
6,
7,
3,
1,
1,
4,
12,
17,
9,
2,
4,
2,
1,
8,
8,
4,
4,
1,
10,
13,
4,
10,
11,
3,
2,
1,
2,
6,
8,
5,
5,
7,
5,
3,
14,
13,
2,
7,
11,
7,
2,
1,
2,
4,
4,
1,
1,
1,
0,
2,
2,
4,
4,
2,
4,
3,
2,
4,
2,
4,
13,
9,
1,
1,
2,
4,
8,
6,
3,
3,
2,
3,
11,
10,
1,
2,
2,
1,
2,
4,
4,
2,
2,
1,
1,
1,
1,
2,
2,
5,
7,
5,
2,
0,
1,
1,
2,
4,
3,
4,
5,
5,
14,
12,
2,
2,
2,
2,
2,
4,
7,
11,
7,
12,
18,
11,
4,
1,
2,
4,
6,
7,
4,
1,
0,
1,
1,
4,
3,
1,
1,
0,
2,
9,
10,
5,
2,
1,
2,
4,
3,
2,
2,
3,
3,
1,
2,
3,
3,
2,
1,
2,
5,
14,
17,
9,
2,
9,
11,
5,
4,
2,
1,
4,
4,
1,
7,
8,
2,
0,
0,
1,
1,
9,
15,
8,
2,
1,
5,
6,
5,
7,
4,
6,
8,
3,
1,
1,
0,
3,
21,
34,
21,
5,
1,
2,
6,
8,
10,
7,
6,
7,
4,
2,
1,
1,
1,
2,
0,
3,
4,
1,
1,
6,
9,
6,
4,
1,
1,
2,
5,
7,
6,
5,
3,
2,
2,
7,
6,
1,
0,
0,
1,
1,
1,
3,
8,
6,
2,
2,
2,
2,
3,
6,
6,
2,
6,
5,
6,
12,
9,
1,
3,
2,
2,
2,
1,
1,
1,
13,
14,
9,
12,
8,
4,
8,
10,
2,
1,
1,
0,
1,
2,
2,
2,
2,
2,
2,
8,
10,
7,
7,
4,
2,
1,
1,
0,
0,
0,
1,
2,
3,
4,
3,
3,
3,
2,
3,
3,
4,
8,
8,
2,
2,
2,
1,
0,
0,
1,
5,
8,
4,
0,
0,
1,
2,
8,
9,
7,
19,
18,
4,
1,
1,
0,
1,
1,
0,
2,
6,
9,
13,
8,
2,
2,
9,
10,
2,
1,
2,
3,
3,
8,
17,
13,
0,
1,
9,
8,
2,
2,
1,
1,
4,
3,
1,
1,
1,
0,
2,
3,
9,
13,
17,
17,
10,
4,
2,
2,
5,
9,
5,
2,
4,
5,
2,
1,
1,
2,
1,
1,
1,
2,
2,
2,
6,
7,
8,
5,
2,
3,
3,
11,
11,
4,
4,
2,
2,
8,
13,
9,
3,
2,
2,
2,
1,
1,
1,
1,
4,
4,
1,
0,
1,
2,
2,
2,
2,
9,
8,
1,
1,
4,
4,
10,
15,
7,
3,
2,
5,
5,
3,
3,
2,
1,
0,
4,
6,
10,
8,
1,
3,
3,
12,
14,
3,
1,
2,
5,
8,
4,
0,
0,
1,
3,
4,
13,
15,
12,
6,
2,
2,
6,
5,
3,
2,
1,
0,
0,
2,
3,
6,
5,
3,
6,
1,
1,
4,
5,
2,
5,
10,
9,
9,
6,
2,
6,
12,
11,
5,
3,
3,
3,
4,
11,
8,
3,
4,
5,
8,
24,
22,
6,
6,
4,
3,
23,
22,
2,
19,
23,
6,
3,
17,
18,
16,
19,
12,
7,
8,
9,
8,
8,
3,
5,
6,
3,
10,
10,
2,
1,
5,
10,
15,
16,
9,
5,
4,
4,
3,
3,
3,
1,
1,
2,
2,
2,
3,
3,
0,
4,
7,
4,
2,
2,
2,
1,
2,
2,
2,
3,
2,
1,
1,
1,
3,
7,
5,
1,
3,
5,
4,
19,
21,
4,
6,
6,
4,
3,
2,
2,
3,
5,
4,
4,
8,
13,
7