122,
121,
122,
122,
122,
123,
122,
122,
121,
120,
120,
120,
118,
114,
112,
112,
110,
107,
105,
100,
97,
95,
94,
96,
100,
101,
103,
108,
116,
127,
136,
143,
149,
155,
154,
152,
154,
157,
159,
159,
157,
157,
157,
156,
157,
157,
153,
151,
152,
154,
154,
155,
153,
149,
145,
143,
141,
136,
133,
132,
130,
127,
124,
122,
119,
114,
111,
108,
104,
98,
92,
87,
83,
78,
74,
71,
70,
70,
70,
68,
64,
60,
60,
58,
58,
61,
63,
63,
62,
62,
63,
62,
62,
64,
69,
74,
78,
82,
85,
86,
86,
86,
89,
90,
89,
87,
88,
91,
94,
95,
95,
92,
88,
84,
84,
86,
86,
85,
87,
90,
92,
92,
94,
95,
96,
97,
100,
105,
108,
109,
108,
106,
104,
100,
96,
95,
96,
97,
101,
107,
114,
122,
125,
122,
118,
114,
110,
105,
100,
93,
85,
78,
74,
73,
74,
73,
73,
75,
79,
85,
92,
97,
99,
99,
101,
105,
105,
103,
100,
98,
97,
97,
98,
99,
100,
105,
111,
118,
126,
132,
136,
140,
146,
152,
155,
155,
154,
157,
159,
157,
151,
143,
136,
127,
121,
122,
122,
120,
117,
111,
106,
102,
98,
95,
91,
88,
89,
91,
93,
94,
93,
92,
92,
91,
92,
91,
90,
87,
86,
86,
85,
83,
81,
80,
80,
84,
90,
94,
98,
99,
100,
101,
101,
99,
98,
99,
99,
96,
92,
89,
89,
90,
88,
85,
85,
87,
87,
86,
87,
88,
85,
83,
83,
82,
79,
74,
71,
71,
69,
68,
68,
68,
70,
73,
76,
82,
90,
101,
112,
121,
127,
129,
131,
129,
123,
115,
106,
98,
91,
86,
81,
76,
72,
70,
68,
69,
72,
70,
69,
73,
74,
75,
76,
74,
71,
69,
69,
75,
85,
95,
105,
111,
113,
111,
107,
101,
93,
82,
72,
66,
58,
48,
43,
40,
36,
34,
34,
35,
35,
39,
46,
51,
55,
59,
65,
70,
73,
78,
84,
87,
90,
94,
98,
101,
104,
107,
107,
104,
99,
95,
90,
84,
80,
76,
72,
71,
72,
72,
74,
73,
74,
78,
84,
93,
102,
108,
108,
106,
102,
98,
97,
99,
101,
102,
100,
93,
88,
84,
80,
83,
88,
91,
90,
88,
87,
87,
89,
91,
92,
94,
96,
95,
95,
96,
96,
96,
95,
96,
96,
97,
100,
100,
98,
98,
100,
101,
101,
103,
105,
107,
109,
108,
107,
108,
111,
115,
116,
115,
115,
116,
114,
113,
113,
112,
113,
115,
116,
119,
120,
119,
119,
119,
118,
113,
111,
111,
109,
107,
105,
103,
100,
98,
95,
94,
96,
98,
100,
106,
116,
125,
134,
139,
143,
147,
145,
143,
144,
143,
142,
141,
139,
138,
137,
136,
137,
139,
139,
139,
140,
142,
144,
144,
142,
138,
135,
134,
133,
129,
126,
125,
123,
121,
121,
122,
120,
116,
115,
111,
105,
99,
93,
88,
84,
80,
76,
75,
76,
75,
73,
71,
69,
65,
64,
65,
68,
73,
74,
73,
72,
72,
71,
69,
68,
70,
75,
81,
84,
86,
89,
90,
90,
93,
98,
103,
104,
103,
105,
108,
110,
109,
109,
108,
105,
103,
103,
106,
107,
107,
107,
108,
107,
105,
105,
105,
106,
106,
107,
109,
109,
107,
105,
103,
101,
97,
95,
94,
94,
96,
101,
105,
110,
115,
117,
115,
113,
111,
108,
104,
99,
92,
85,
80,
76,
74,
74,
74,
75,
79,
85,
93,
101,
107,
106,
103,
103,
108,
112,
113,
112,
113,
114,
113,
114,
114,
114,
116,
120,
122,
122,
123,
125,
127,
133,
137,
138,
137,
135,
136,
137,
134,
130,
127,
124,
119,
114,
114,
114,
114,
114,
112,
108,
106,
103,
100,
96,
93,
92,
93,
94,
94,
93,
94,
95,
97,
98,
99,
99,
98,
99,
101,
101,
100,
97,
93,
91,
94,
98,
100,
103,
105,
106,
107,
109,
110,
110,
112,
113,
110,
104,
101,
103,
105,
103,
102,
102,
103,
101,
97,
96,
95,
91,
89,
88,
86,
83,
81,
80,
81,
82,
83,
84,
86,
88,
91,
95,
100,
108,
117,
125,
130,
133,
134,
132,
128,
122,
116,
108,
100,
96,
94,
92,
88,
87,
87,
86,
87,
89,
87,
86,
89,
91,
92,
94,
93,
92,
92,
94,
98,
105,
112,
117,
119,
118,
116,
111,
105,
99,
93,
88,
84,
77,
68,
61,
57,
53,
51,
52,
51,
50,
53,
57,
61,
64,
66,
69,
71,
74,
78,
81,
83,
84,
87,
89,
89,
88,
89,
89,
87,
83,
80,
77,
72,
69,
67,
65,
67,
70,
72,
75,
77,
81,
86,
89,
92,
97,
101,
104,
104,
102,
99,
96,
94,
93,
94,
92,
86,
83,
79,
74,
75,
78,
80,
80,
80,
80,
80,
83,
87,
88,
88,
89,
89,
91,
92,
92,
92,
94,
97,
98,
99,
99,
98,
97,
98,
100,
101,
101,
103,
105,
107,
108,
107,
105,
106,
107,
109,
109,
109,
110,
112,
108,
107,
107,
108,
111,
114,
117,
118,
118,
117,
116,
117,
116,
113,
111,
112,
111,
110,
110,
110,
109,
107,
104,
102,
100,
98,
98,
102,
108,
114,
118,
120,
123,
126,
128,
128,
127,
126,
125,
121,
117,
116,
116,
115,
114,
115,
115,
116,
117,
118,
117,
117,
116,
114,
113,
114,
114,
111,
110,
110,
109,
108,
109,
111,
109,
107,
107,
106,
102,
98,
94,
92,
91,
89,
87,
86,
88,
89,
88,
88,
86,
83,
82,
83,
86,
88,
89,
88,
88,
87,
86,
84,
83,
85,
89,
94,
95,
96,
98,
98,
98,
99,
103,
106,
108,
108,
109,
112,
114,
114,
115,
116,
114,
112,
112,
115,
117,
116,
116,
117,
116,
114,
116,
118,
119,
121,
123,
124,
125,
124,
122,
119,
116,
112,
107,
104,
103,
102,
103,
103,
104,
106,
107,
108,
107,
107,
107,
105,
104,
102,
98,
96,
92,
90,
91,
90,
89,
88,
87,
91,
96,
100,
98,
95,
98,
103,
107,
112,
115,
116,
117,
119,
120,
117,
113,
114,
116,
116,
115,
115,
114,
115,
118,
120,
118,
115,
113,
115,
118,
117,
115,
115,
116,
113,
111,
113,
113,
113,
114,
113,
112,
110,
107,
105,
106,
107,
108,
110,
111,
111,
110,
111,
110,
110,
110,
110,
110,
110,
111,
112,
112,
112,
112,
111,
109,
110,
113,
113,
112,
111,
112,
113,
116,
119,
122,
124,
125,
121,
115,
114,
118,
120,
119,
115,
114,
115,
115,
113,
113,
113,
109,
108,
108,
107,
103,
100,
98,
98,
98,
98,
100,
101,
105,
110,
116,
123,
128,
133,
139,
144,
147,
148,
148,
147,
145,
142,
138,
134,
132,
131,
130,
126,
124,
124,
121,
121,
120,
117,
115,
117,
117,
118,
118,
116,
114,
112,
110,
110,
112,
115,
117,
117,
115,
111,
109,
108,
109,
108,
105,
103,
98,
89,
83,
78,
73,
68,
65,
61,
57,
56,
57,
57,
56,
56,
56,
58,
60,
64,
68,
69,
69,
69,
70,
70,
71,
72,
73,
73,
72,
71,
69,
68,
68,
66,
66,
69,
72,
75,
78,
77,
78,
82,
86,
91,
95,
98,
99,
96,
93,
90,
91,
93,
95,
95,
91,
82,
77,
76,
74,
78,
82,
83,
83,
83,
85,
86,
88,
90,
89,
88,
89,
90,
93,
95,
95,
96,
99,
102,
103,
103,
104,
102,
101,
103,
104,
105,
106,
108,
110,
113,
114,
112,
109,
108,
108,
107,
106,
104,
104,
104,
109,
109,
110,
110,
111,
113,
114,
115,
116,
115,
114,
114,
112,
109,
108,
109,
108,
107,
107,
106,
105,
103,
102,
101,
101,
99,
97,
99,
103,
109,
113,
114,
114,
116,
115,
115,
115,
116,
116,
115,
113,
112,
112,
111,
113,
115,
116,
117,
119,
120,
121,
121,
121,
120,
119,
119,
119,
118,
117,
116,
114,
112,
113,
115,
114,
112,
113,
112,
109,
106,
103,
101,
99,
97,
96,
94,
95,
95,
93,
93,
92,
89,
90,
92,
92,
94,
94,
93,
93,
94,
94,
94,
93,
93,
97,
100,
100,
100,
100,
99,
98,
99,
102,
104,
103,
103,
104,
108,
111,
112,
112,
112,
110,
110,
111,
113,
113,
112,
113,
114,
113,
112,
113,
113,
113,
114,
115,
116,
117,
117,
115,
114,
113,
109,
106,
104,
104,
103,
104,
104,
105,
106,
105,
104,
102,
100,
98,
95,
92,
88,
84,
82,
82,
83,
85,
85,
85,
85,
87,
93,
100,
107,
109,
108,
110,
114,
118,
122,
125,
128,
130,
131,
132,
131,
128,
127,
128,
127,
127,
128,
130,
130,
132,
132,
130,
126,
121,
119,
118,
116,
113,
110,
108,
103,
99,
99,
98,
97,
98,
98,
98,
98,
96,
93,
90,
88,
86,
85,
85,
84,
83,
82,
82,
84,
85,
86,
87,
89,
92,
94,
96,
98,
99,
98,
98,
100,
103,
104,
105,
106,
107,
109,
112,
116,
119,
122,
122,
118,
112,
109,
110,
111,
109,
108,
109,
109,
107,
105,
104,
104,
102,
102,
104,
104,
103,
101,
100,
101,
101,
101,
101,
101,
103,
105,
108,
112,
115,
119,
122,
124,
125,
126,
126,
124,
122,
119,
115,
113,
111,
110,
109,
105,
101,
100,
98,
97,
96,
94,
94,
97,
99,
100,
102,
105,
108,
110,
111,
112,
116,
118,
118,
117,
114,
112,
110,
108,
107,
104,
101,
101,
98,
90,
85,
83,
79,
76,
75,
72,
69,
68,
69,
68,
67,
66,
68,
68,
68,
70,
73,
73,
73,
74,
76,
78,
81,
83,
85,
84,
83,
83,
85,
84,
86,
87,
88,
91,
94,
97,
101,
103,
105,
109,
111,
114,
117,
119,
120,
119,
117,
112,
108,
106,
104,
104,
104,
100,
96,
93,
90,
91,
93,
94,
93,
92,
93,
94,
98,
102,
102,
101,
100,
100,
102,
104,
106,
109,
111,
112,
111,
110,
110,
108,
106,
107,
108,
108,
107,
108,
110,
113,
114,
113,
112,
111,
110,
109,
107,
105,
104,
104,
110,
110,
110,
110,
111,
114,
115,
116,
117,
116,
114,
114,
112,
108,
107,
108,
107,
106,
106,
106,
104,
102,
101,
100,
99,
97,
94,
95,
100,
105,
108,
108,
109,
110,
110,
109,
110,
110,
111,
110,
110,
109,
109,
109,
111,
113,
114,
114,
117,
118,
119,
119,
120,
118,
117,
117,
118,
117,
115,
115,
113,
111,
113,
115,
114,
113,
113,
112,
110,
107,
105,
103,
102,
100,
98,
97,
96,
96,
94,
94,
93,
91,
91,
92,
92,
93,
94,
93,
93,
94,
94,
93,
92,
92,
96,
99,
99,
100,
100,
99,
98,
99,
102,
104,
104,
103,
105,
109,
112,
113,
114,
113,
112,
111,
112,
114,
115,
113,
114,
115,
114,
113,
113,
113,
113,
113,
113,
115,
116,
116,
115,
114,
114,
111,
107,
105,
104,
103,
102,
101,
102,
102,
101,
99,
97,
96,
96,
94,
92,
89,
85,
84,
84,
85,
87,
88,
88,
90,
92,
96,
103,
108,
111,
110,
111,
115,
120,
123,
125,
128,
130,
130,
132,
131,
129,
130,
130,
130,
130,
132,
132,
132,
133,
133,
130,
126,
122,
119,
118,
116,
112,
109,
107,
103,
99,
99,
98,
97,
97,
98,
98,
98,
97,
95,
93,
90,
88,
88,
88,
86,
85,
84,
84,
85,
86,
86,
87,
88,
90,
93,
93,
95,
96,
96,
96,
99,
101,
103,
104,
105,
105,
107,
110,
112,
114,
117,
116,
112,
107,
104,
104,
106,
105,
103,
104,
105,
105,
103,
104,
104,
103,
103,
106,
107,
106,
105,
104,
104,
104,
104,
103,
102,
103,
105,
107,
110,
113,
116,
119,
120,
121,
123,
123,
123,
121,
119,
116,
114,
114,
114,
112,
108,
105,
103,
100,
99,
98,
95,
93,
95,
97,
98,
101,
104,
107,
110,
111,
113,
115,
117,
118,
117,
115,
113,
112,
110,
109,
107,
104,
104,
101,
94,
89,
86,
83,
80,
79,
76,
73,
72,
72,
71,
69,
68,
70,
70,
70,
71,
73,
73,
73,
74,
75,
76,
78,
80,
82,
82,
81,
81,
83,
83,
85,
88,
89,
93,
96,
99,
102,
105,
107,
111,
114,
117,
119,
121,
122,
121,
119,
115,
110,
108,
106,
105,
105,
100,
96,
94,
91,
93,
95,
96,
95,
94,
94,
97,
101,
106,
107,
105,
104,
104,
106,
108,
110,
113,
115,
116,
114,
112,
111,
109,
107,
109,
111,
111,
111,
111,
113,
114,
115,
115,
113,
111,
111,
110,
108,
106,
105,
105,
110,
109,
109,
109,
110,
111,
112,
113,
113,
112,
111,
110,
108,
105,
106,
108,
108,
108,
109,
108,
107,
105,
103,
102,
102,
99,
95,
94,
95,
96,
95,
92,
91,
94,
94,
95,
95,
94,
91,
89,
87,
86,
84,
82,
82,
84,
85,
86,
88,
90,
89,
90,
92,
90,
90,
93,
96,
96,
97,
100,
100,
102,
105,
110,
111,
111,
114,
116,
116,
116,
116,
116,
116,
115,
114,
114,
115,
116,
116,
116,
116,
115,
115,
116,
116,
117,
118,
118,
118,
118,
118,
116,
114,
113,
114,
115,
113,
113,
113,
112,
110,
110,
113,
114,
113,
111,
112,
115,
116,
116,
115,
113,
109,
106,
106,
107,
106,
104,
103,
103,
101,
99,
97,
96,
95,
94,
95,
97,
98,
98,
98,
99,
100,
99,
98,
99,
100,
101,
102,
101,
102,
101,
99,
97,
96,
97,
100,
102,
104,
106,
107,
110,
111,
112,
115,
116,
117,
117,
116,
117,
119,
120,
118,
113,
110,
111,
110,
109,
107,
107,
106,
104,
102,
98,
93,
90,
89,
86,
83,
81,
78,
76,
78,
81,
82,
81,
80,
82,
87,
90,
92,
95,
98,
98,
98,
101,
103,
104,
106,
108,
110,
112,
113,
112,
113,
114,
115,
118,
120,
120,
119,
118,
117,
117,
117,
117,
116,
116,
117,
118,
118,
118,
118,
117,
116,
117,
118,
117,
117,
116,
115,
114,
116,
118,
120,
124,
124,
121,
116,
112,
113,
113,
111,
109,
109,
110,
109,
107,
108,
109,
107,
108,
111,
112,
111,
109,
108,
108,
107,
105,
103,
101,
101,
101,
101,
101,
101,
102,
104,
106,
106,
107,
109,
110,
111,
112,
112,
114,
118,
121,
123,
122,
121,
122,
120,
119,
119,
115,
112,
113,
113,
112,
113,
114,
116,
117,
116,
116,
116,
116,
116,
114,
112,
111,
111,
113,
114,
114,
114,
114,
113,
109,
106,
106,
105,
104,
103,
101,
97,
95,
93,
91,
86,
83,
83,
82,
80,
81,
81,
79,
77,
77,
76,
75,
76,
76,
75,
74,
73,
72,
72,
73,
76,
78,
79,
82,
83,
84,
87,
89,
89,
89,
89,
88,
88,
90,
91,
91,
91,
88,
86,
86,
86,
89,
91,
90,
89,
86,
83,
83,
85,
86,
87,
87,
89,
91,
94,
97,
96,
94,
94,
93,
95,
98,
100,
102,
102,
103,
102,
102,
105,
104,
103,
106,
107,
107,
107,
108,
110,
111,
112,
110,
107,
106,
105,
105,
106,
106,
108,
110,
112,
112,
111,
111,
111,
112,
114,
115,
115,
113,
112,
111,
110,
107,
107,
109,
109,
109,
109,
108,
107,
105,
102,
100,
98,
94,
90,
88,
89,
90,
89,
85,
84,
85,
85,
86,
86,
85,
82,
80,
78,
77,
75,
73,
73,
74,
76,
78,
81,
83,
83,
85,
87,
88,
89,
92,
95,
96,
97,
100,
102,
103,
107,
111,
114,
116,
119,
121,
122,
122,
122,
122,
123,
122,
120,
120,
121,
123,
124,
125,
125,
124,
124,
123,
123,
123,
123,
123,
124,
124,
124,
122,
118,
116,
117,
117,
115,
114,
114,
113,
111,
111,
113,
115,
114,
114,
115,
118,
120,
121,
121,
119,
115,
112,
111,
112,
112,
110,
110,
110,
109,
106,
104,
101,
99,
97,
98,
100,
101,
101,
101,
100,
101,
100,
98,
99,
99,
99,
99,
97,
96,
95,
93,
91,
89,
90,
93,
95,
98,
100,
102,
104,
107,
110,
113,
115,
117,
117,
117,
119,
122,
122,
120,
115,
113,
113,
113,
112,
109,
109,
108,
105,
102,
96,
88,
83,
80,
76,
71,
69,
66,
62,
63,
66,
67,
67,
67,
70,
76,
81,
84,
89,
93,
95,
96,
99,
102,
105,
108,
111,
113,
115,
116,
116,
116,
117,
119,
121,
123,
124,
123,
122,
120,
120,
119,
118,
117,
117,
117,
118,
118,
118,
118,
117,
116,
116,
116,
114,
114,
113,
112,
112,
114,
117,
120,
124,
125,
121,
116,
113,
114,
115,
113,
111,
112,
113,
112,
111,
113,
114,
114,
115,
119,
120,
118,
115,
113,
113,
111,
109,
107,
105,
104,
104,
103,
103,
104,
106,
109,
110,
111,
114,
116,
118,
119,
120,
120,
122,
125,
128,
129,
128,
127,
128,
127,
126,
125,
121,
119,
119,
119,
120,
121,
124,
125,
126,
125,
124,
125,
125,
125,
125,
123,
122,
123,
124,
126,
126,
125,
127,
125,
120,
117,
116,
115,
114,
114,
112,
108,
105,
103,
100,
95,
91,
89,
87,
84,
84,
84,
81,
79,
78,
78,
78,
78,
77,
77,
76,
74,
74,
75,
76,
79,
82,
85,
88,
89,
90,
92,
93,
93,
94,
94,
92,
92,
93,
94,
93,
93,
91,
90,
90,
89,
91,
93,
90,
89,
87,
83,
83,
85,
86,
86,
87,
89,
92,
95,
99,
97,
95,
94,
94,
96,
99,
101,
104,
104,
104,
103,
103,
105,
105,
104,
107,
109,
109,
109,
109,
111,
112,
112,
111,
108,
106,
106,
106,
106,
107,
109,
111,
116,
115,
114,
113,
113,
115,
116,
117,
117,
117,
116,
116,
114,
111,
111,
113,
113,
112,
113,
112,
111,
109,
105,
103,
100,
95,
88,
86,
87,
87,
86,
83,
82,
82,
82,
82,
83,
80,
77,
76,
77,
77,
77,
79,
80,
84,
87,
89,
92,
94,
94,
97,
100,
100,
100,
104,
110,
113,
114,
116,
116,
117,
120,
124,
125,
126,
129,
130,
130,
130,
130,
130,
131,
131,
130,
129,
129,
130,
129,
130,
130,
128,
128,
129,
128,
128,
127,
124,
122,
120,
117,
114,
111,
109,
111,
113,
113,
114,
113,
112,
111,
110,
111,
110,
109,
109,
112,
116,
119,
120,
122,
121,
116,
113,
113,
114,
114,
112,
112,
113,
111,
108,
107,
105,
102,
100,
99,
100,
102,
102,
102,
103,
104,
102,
99,
99,
99,
97,
96,
94,
94,
94,
91,
87,
84,
82,
82,
84,
87,
90,
92,
95,
97,
101,
106,
109,
110,
110,
110,
111,
112,
113,
111,
107,
107,
109,
110,
109,
108,
106,
102,
99,
97,
93,
86,
79,
75,
73,
71,
71,
70,
69,
73,
79,
83,
85,
86,
89,
97,
105,
110,
116,
121,
122,
120,
121,
124,
125,
128,
130,
130,
130,
130,
129,
128,
129,
130,
132,
133,
132,
131,
129,
126,
124,
124,
123,
123,
120,
117,
116,
114,
112,
111,
107,
104,
104,
105,
106,
106,
107,
105,
104,
105,
109,
113,
118,
120,
117,
111,
108,
109,
109,
107,
104,
105,
109,
110,
112,
115,
117,
116,
117,
120,
122,
123,
122,
120,
118,
116,
112,
110,
107,
107,
108,
109,
109,
109,
111,
113,
112,
112,
114,
116,
117,
119,
120,
120,
121,
122,
123,
123,
120,
118,
118,
116,
114,
114,
111,
109,
111,
112,
113,
115,
117,
119,
120,
121,
122,
125,
128,
129,
129,
127,
127,
128,
129,
130,
130,
129,
130,
127,
121,
118,
116,
113,
110,
108,
105,
100,
97,
96,
92,
88,
84,
83,
82,
80,
80,
80,
77,
75,
75,
75,
75,
76,
76,
77,
76,
74,
74,
76,
77,
79,
82,
83,
86,
87,
87,
88,
88,
89,
91,
91,
90,
90,
91,
93,
94,
94,
91,
90,
89,
88,
90,
91,
87,
85,
83,
80,
81,
83,
84,
84,
83,
85,
88,
93,
97,
96,
94,
93,
92,
94,
96,
97,
98,
99,
100,
100,
100,
102,
102,
101,
104,
107,
108,
109,
109,
111,
112,
113,
112,
109,
108,
108,
109,
109,
108,
109,
111,
127,
127,
126,
125,
126,
127,
129,
130,
130,
130,
129,
127,
124,
121,
120,
120,
118,
118,
118,
116,
113,
109,
105,
102,
99,
95,
90,
90,
92,
93,
92,
88,
86,
84,
80,
75,
72,
70,
67,
64,
65,
69,
70,
71,
74,
78,
81,
82,
85,
87,
90,
94,
97,
98,
99,
103,
106,
109,
113,
117,
119,
120,
124,
130,
133,
135,
138,
139,
140,
140,
140,
141,
143,
145,
145,
144,
145,
144,
142,
140,
138,
138,
139,
140,
139,
138,
135,
132,
128,
125,
122,
118,
113,
110,
111,
112,
110,
108,
107,
104,
102,
103,
106,
109,
110,
110,
112,
115,
116,
116,
117,
115,
111,
108,
107,
108,
107,
105,
105,
105,
103,
101,
100,
100,
98,
96,
97,
98,
100,
100,
99,
100,
99,
96,
93,
93,
91,
90,
89,
88,
87,
87,
87,
86,
87,
89,
93,
96,
98,
99,
98,
98,
99,
101,
104,
105,
104,
103,
101,
103,
105,
105,
103,
101,
102,
106,
111,
114,
113,
112,
112,
114,
118,
119,
117,
117,
121,
123,
124,
125,
125,
126,
129,
132,
133,
132,
128,
128,
131,
133,
133,
136,
139,
137,
133,
134,
134,
134,
135,
135,
133,
131,
129,
126,
123,
120,
119,
120,
121,
120,
116,
113,
109,
107,
105,
104,
103,
103,
105,
105,
100,
95,
89,
85,
85,
89,
90,
89,
89,
89,
88,
89,
91,
93,
94,
95,
95,
91,
86,
85,
87,
88,
88,
88,
91,
92,
93,
94,
98,
102,
102,
105,
110,
113,
114,
111,
108,
106,
103,
99,
97,
97,
99,
102,
103,
103,
102,
101,
100,
100,
101,
104,
108,
111,
112,
111,
108,
106,
104,
103,
103,
98,
95,
94,
91,
91,
93,
91,
89,
90,
90,
91,
93,
94,
95,
95,
96,
97,
102,
108,
113,
118,
120,
123,
124,
125,
128,
130,
131,
134,
133,
129,
126,
125,
125,
124,
123,
120,
116,
115,
113,
111,
108,
105,
105,
104,
103,
103,
103,
101,
99,
98,
97,
96,
96,
98,
98,
97,
94,
94,
95,
94,
95,
97,
99,
103,
104,
105,
105,
104,
104,
105,
105,
103,
102,
102,
102,
100,
99,
97,
96,
95,
93,
91,
89,
83,
79,
78,
76,
77,
78,
78,
77,
77,
79,
83,
89,
95,
96,
94,
91,
91,
93,
95,
97,
99,
100,
100,
98,
97,
98,
98,
98,
101,
103,
106,
107,
108,
110,
113,
115,
113,
110,
107,
105,
104,
102,
101,
101,
102,
104,
102,
100,
98,
98,
100,
101,
101,
101,
99,
97,
96,
94,
91,
92,
92,
91,
91,
91,
90,
90,
87,
84,
83,
83,
83,
83,
87,
95,
106,
113,
119,
129,
138,
143,
148,
150,
149,
148,
145,
141,
138,
135,
132,
131,
132,
131,
128,
128,
124,
119,
118,
116,
112,
111,
109,
107,
106,
105,
103,
101,
98,
97,
98,
96,
93,
91,
87,
82,
78,
73,
69,
66,
63,
60,
58,
57,
56,
54,
53,
53,
53,
57,
61,
65,
68,
70,
70,
69,
68,
67,
66,
66,
69,
74,
77,
79,
80,
81,
80,
81,
85,
93,
98,
100,
101,
103,
107,
110,
110,
109,
106,
101,
96,
96,
99,
100,
100,
101,
103,
102,
100,
99,
100,
100,
101,
105,
109,
113,
114,
113,
114,
115,
114,
110,
109,
108,
108,
111,
116,
121,
126,
127,
127,
125,
123,
122,
118,
113,
106,
98,
92,
87,
83,
82,
79,
77,
77,
76,
77,
80,
83,
83,
80,
81,
84,
87,
89,
91,
93,
94,
96,
98,
99,
101,
106,
113,
117,
119,
121,
120,
120,
122,
123,
122,
118,
112,
110,
110,
109,
106,
105,
104,
99,
94,
93,
91,
89,
89,
88,
88,
88,
87,
86,
85,
83,
83,
84,
86,
85,
85,
85,
86,
87,
87,
86,
87,
88,
91,
92,
93,
93,
92,
92,
93,
97,
100,
101,
101,
101,
101,
102,
105,
107,
108,
108,
107,
102,
96,
93,
94,
95,
93,
90,
90,
91,
91,
90,
92,
95,
95,
98,
103,
106,
106,
105,
103,
101,
97,
94,
91,
90,
92,
95,
96,
97,
99,
103,
108,
113,
118,
121,
123,
124,
124,
121,
117,
113,
110,
107,
102,
96,
92,
92,
90,
90,
90,
87,
86,
89,
91,
92,
93,
93,
94,
96,
97,
99,
103,
106,
109,
111,
111,
111,
110,
110,
110,
107,
103,
100,
94,
85,
78,
74,
70,
66,
64,
61,
56,
54,
53,
50,
47,
44,
45,
46,
47,
51,
53,
53,
54,
57,
60,
65,
70,
76,
81,
81,
80,
80,
79,
77,
78,
78,
78,
80,
82,
84,
86,
86,
87,
89,
88,
86,
86,
87,
88,
89,
89,
88,
88,
86,
83,
85,
85,
81,
79,
77,
74,
75,
77,
77,
75,
73,
73,
75,
79,
84,
85,
85,
83,
80,
80,
82,
84,
86,
87,
87,
86,
87,
89,
90,
90,
94,
97,
99,
102,
104,
107,
110,
111,
109,
106,
105,
105,
105,
105,
103,
104,
105,
101,
99,
97,
95,
95,
97,
99,
100,
99,
98,
96,
95,
94,
92,
92,
94,
93,
93,
93,
91,
90,
89,
87,
87,
89,
90,
91,
95,
105,
117,
125,
132,
141,
148,
152,
154,
156,
155,
151,
146,
141,
138,
135,
132,
130,
131,
131,
130,
129,
125,
120,
119,
118,
114,
111,
110,
109,
105,
104,
105,
105,
103,
101,
99,
96,
92,
89,
86,
81,
76,
72,
68,
65,
63,
61,
58,
57,
56,
54,
53,
54,
55,
60,
64,
67,
70,
71,
70,
70,
70,
69,
68,
68,
69,
73,
77,
79,
82,
86,
89,
93,
99,
107,
114,
117,
120,
124,
127,
130,
130,
130,
128,
123,
118,
116,
117,
117,
115,
115,
118,
118,
118,
119,
120,
120,
120,
122,
124,
126,
126,
126,
127,
129,
129,
128,
129,
130,
131,
136,
140,
144,
148,
147,
143,
139,
135,
133,
127,
121,
115,
109,
105,
101,
99,
98,
95,
93,
91,
89,
90,
92,
95,
97,
95,
95,
95,
96,
98,
100,
104,
107,
108,
109,
110,
110,
115,
123,
128,
130,
131,
130,
128,
127,
125,
123,
118,
111,
106,
103,
98,
93,
89,
84,
78,
72,
70,
68,
64,
62,
61,
61,
62,
61,
60,
59,
58,
58,
59,
61,
62,
63,
64,
65,
67,
69,
70,
72,
75,
80,
83,
83,
84,
85,
84,
86,
91,
95,
98,
100,
101,
102,
103,
106,
108,
109,
109,
107,
100,
93,
88,
88,
87,
84,
81,
82,
85,
87,
88,
92,
97,
98,
101,
106,
109,
111,
110,
109,
109,
105,
101,
98,
97,
99,
102,
103,
103,
105,
108,
114,
120,
125,
127,
129,
126,
121,
114,
106,
100,
94,
89,
85,
79,
77,
77,
76,
77,
78,
76,
74,
77,
77,
76,
76,
78,
81,
83,
85,
88,
94,
97,
101,
103,
105,
107,
108,
108,
110,
109,
107,
105,
100,
92,
85,
82,
77,
73,
70,
66,
60,
57,
55,
52,
47,
45,
45,
46,
45,
46,
49,
49,
51,
54,
58,
63,
70,
77,
83,
85,
85,
87,
88,
87,
89,
90,
90,
92,
94,
96,
98,
97,
97,
97,
96,
95,
95,
97,
99,
100,
99,
96,
95,
95,
93,
95,
95,
91,
88,
85,
80,
81,
84,
85,
83,
82,
82,
82,
85,
90,
90,
88,
86,
85,
87,
89,
90,
92,
93,
93,
93,
93,
96,
97,
97,
101,
103,
104,
105,
108,
111,
114,
114,
112,
109,
107,
107,
106,
106,
106,
107,
108,
109,
108,
107,
105,
105,
106,
108,
109,
110,
109,
107,
106,
104,
101,
100,
101,
100,
100,
101,
101,
101,
102,
102,
101,
101,
97,
91,
89,
92,
97,
100,
102,
104,
105,
105,
104,
102,
99,
93,
85,
77,
70,
65,
60,
56,
52,
50,
49,
50,
49,
48,
50,
52,
55,
61,
70,
81,
90,
98,
108,
118,
128,
137,
147,
152,
155,
160,
163,
164,
166,
168,
169,
170,
169,
169,
166,
164,
160,
154,
152,
150,
148,
149,
151,
152,
153,
153,
150,
149,
149,
147,
143,
139,
135,
133,
131,
126,
122,
120,
117,
115,
117,
123,
128,
129,
131,
134,
138,
140,
141,
142,
141,
137,
134,
133,
134,
131,
126,
123,
121,
117,
114,
112,
110,
106,
101,
98,
96,
94,
92,
91,
91,
93,
94,
96,
100,
105,
109,
114,
118,
120,
122,
122,
120,
117,
117,
117,
117,
118,
118,
115,
113,
113,
115,
118,
120,
122,
122,
117,
113,
111,
110,
107,
100,
96,
93,
90,
87,
84,
81,
79,
77,
75,
71,
67,
67,
67,
67,
68,
71,
73,
75,
80,
87,
95,
101,
103,
106,
111,
115,
119,
123,
126,
127,
126,
129,
130,
129,
128,
126,
124,
122,
118,
113,
109,
105,
104,
104,
105,
104,
103,
102,
100,
99,
97,
94,
93,
95,
100,
103,
105,
107,
110,
111,
114,
118,
120,
121,
123,
123,
123,
124,
127,
130,
132,
132,
130,
123,
115,
109,
107,
106,
103,
100,
99,
99,
99,
100,
104,
108,
109,
112,
117,
122,
124,
123,
123,
122,
121,
120,
119,
118,
119,
119,
119,
121,
122,
124,
128,
133,
139,
143,
146,
147,
147,
145,
142,
139,
136,
132,
127,
120,
114,
110,
107,
105,
105,
103,
102,
104,
103,
102,
101,
99,
97,
94,
93,
94,
98,
102,
107,
112,
114,
117,
122,
125,
128,
129,
129,
130,
128,
122,
120,
119,
117,
116,
115,
112,
107,
104,
103,
100,
95,
90,
86,
82,
78,
77,
77,
73,
70,
69,
70,
72,
75,
74,
73,
71,
71,
74,
78,
81,
89,
97,
101,
104,
106,
109,
113,
113,
114,
114,
113,
113,
112,
112,
114,
114,
111,
104,
98,
95,
94,
96,
98,
95,
93,
89,
82,
80,
81,
83,
83,
82,
83,
84,
87,
91,
93,
94,
95,
95,
97,
100,
102,
104,
104,
105,
105,
106,
108,
109,
109,
113,
115,
115,
116,
117,
118,
118,
118,
116,
113,
111,
109,
107,
105,
102,
100,
101,
107,
104,
102,
101,
102,
104,
105,
107,
108,
107,
105,
105,
103,
99,
98,
100,
99,
97,
97,
97,
97,
95,
92,
90,
88,
86,
84,
86,
90,
95,
98,
98,
98,
100,
99,
99,
99,
99,
100,
100,
99,
101,
105,
109,
112,
117,
120,
122,
125,
128,
128,
127,
127,
125,
123,
123,
122,
119,
115,
113,
110,
106,
103,
102,
99,
94,
92,
89,
85,
82,
79,
78,
78,
77,
74,
73,
73,
72,
70,
71,
70,
69,
71,
72,
72,
74,
75,
75,
74,
75,
75,
75,
74,
75,
79,
84,
86,
86,
86,
86,
87,
87,
90,
92,
91,
89,
90,
92,
93,
93,
94,
93,
90,
88,
90,
94,
96,
96,
97,
100,
101,
100,
101,
102,
101,
101,
102,
104,
105,
104,
103,
102,
102,
99,
96,
95,
96,
96,
96,
95,
97,
99,
101,
103,
103,
103,
105,
105,
104,
103,
100,
99,
99,
100,
101,
100,
100,
99,
98,
99,
103,
106,
105,
100,
99,
100,
103,
104,
103,
105,
107,
109,
111,
112,
110,
110,
112,
115,
119,
123,
124,
124,
125,
125,
124,
122,
116,
113,
112,
110,
108,
105,
102,
95,
90,
89,
89,
89,
90,
90,
90,
90,
90,
88,
86,
84,
84,
84,
85,
85,
85,
85,
86,
87,
88,
88,
87,
87,
88,
88,
88,
87,
86,
84,
83,
84,
86,
85,
85,
85,
86,
89,
95,
101,
107,
111,
112,
108,
103,
101,
102,
102,
99,
97,
96,
94,
91,
87,
86,
86,
83,
83,
85,
87,
88,
87,
87,
88,
89,
90,
90,
88,
86,
86,
89,
94,
100,
107,
112,
116,
117,
118,
116,
112,
110,
108,
107,
106,
105,
104,
103,
100,
98,
98,
98,
99,
100,
98,
97,
99,
98,
97,
98,
100,
101,
102,
103,
106,
108,
110,
110,
111,
110,
109,
109,
110,
111,
111,
110,
111,
108,
102,
97,
95,
93,
91,
89,
86,
82,
80,
79,
76,
74,
72,
72,
73,
73,
74,
76,
77,
76,
77,
77,
76,
76,
77,
77,
76,
74,
74,
75,
76,
79,
83,
85,
88,
91,
95,
100,
105,
110,
114,
118,
120,
121,
123,
126,
127,
126,
122,
117,
113,
110,
110,
109,
102,
97,
90,
83,
81,
82,
82,
81,
79,
80,
81,
84,
88,
88,
87,
87,
88,
91,
94,
97,
99,
101,
103,
103,
105,
108,
108,
107,
110,
113,
114,
115,
117,
119,
122,
123,
122,
118,
115,
113,
111,
109,
106,
106,
108,
105,
104,
102,
102,
103,
105,
106,
108,
109,
109,
108,
107,
104,
101,
100,
102,
100,
100,
100,
100,
99,
98,
95,
94,
92,
88,
86,
87,
92,
96,
98,
96,
96,
97,
96,
96,
97,
98,
100,
101,
101,
103,
105,
108,
112,
115,
116,
118,
121,
121,
120,
121,
122,
120,
116,
116,
117,
116,
114,
113,
110,
107,
106,
105,
101,
98,
97,
95,
91,
88,
85,
84,
84,
83,
81,
80,
80,
80,
78,
78,
77,
76,
77,
78,
78,
79,
80,
78,
78,
79,
80,
79,
79,
80,
82,
84,
84,
84,
85,
85,
84,
86,
89,
92,
92,
91,
92,
94,
96,
96,
97,
96,
94,
92,
92,
94,
96,
96,
97,
99,
99,
98,
99,
101,
100,
100,
100,
101,
102,
101,
100,
99,
99,
97,
94,
94,
93,
92,
92,
92,
93,
96,
97,
99,
99,
100,
101,
100,
98,
96,
93,
92,
92,
92,
95,
95,
95,
94,
93,
95,
99,
103,
102,
98,
96,
96,
97,
97,
99,
102,
104,
105,
107,
106,
105,
106,
108,
111,
114,
117,
118,
119,
121,
122,
120,
118,
113,
109,
109,
107,
105,
104,
102,
97,
93,
93,
92,
90,
91,
91,
91,
91,
91,
89,
88,
85,
84,
84,
84,
83,
81,
81,
82,
85,
86,
87,
87,
86,
87,
87,
86,
85,
84,
82,
81,
84,
86,
87,
87,
87,
88,
91,
96,
100,
104,
107,
108,
104,
99,
97,
97,
99,
97,
95,
95,
95,
94,
91,
91,
92,
91,
91,
94,
94,
93,
91,
90,
91,
91,
91,
90,
88,
86,
87,
90,
95,
102,
110,
116,
119,
120,
120,
118,
115,
111,
109,
107,
107,
107,
106,
104,
100,
98,
97,
96,
96,
97,
95,
94,
96,
95,
94,
94,
95,
96,
97,
99,
101,
103,
105,
106,
106,
105,
105,
105,
105,
107,
107,
106,
107,
106,
101,
97,
94,
91,
88,
86,
83,
79,
76,
75,
72,
69,
67,
69,
70,
70,
72,
75,
75,
74,
75,
76,
75,
76,
77,
78,
77,
75,
75,
76,
76,
78,
81,
83,
86,
89,
92,
97,
100,
104,
108,
113,
116,
118,
121,
125,
126,
126,
123,
118,
114,
110,
108,
106,
99,
94,
88,
82,
81,
82,
84,
84,
82,
81,
82,
85,
89,
89,
88,
88,
89,
92,
95,
97,
100,
102,
104,
105,
106,
109,
108,
108,
112,
114,
116,
117,
119,
121,
123,
124,
121,
117,
114,
112,
110,
108,
106,
106,
107,
102,
101,
101,
101,
103,
104,
105,
106,
107,
107,
106,
106,
105,
101,
101,
103,
102,
101,
102,
101,
100,
98,
95,
92,
91,
89,
87,
89,
94,
98,
100,
98,
97,
99,
100,
101,
103,
105,
105,
105,
104,
104,
105,
106,
109,
112,
113,
115,
118,
120,
120,
121,
122,
120,
117,
117,
118,
116,
114,
115,
115,
113,
113,
112,
109,
106,
106,
104,
101,
99,
97,
97,
96,
95,
94,
92,
91,
91,
89,
88,
87,
85,
88,
90,
92,
94,
96,
94,
92,
91,
89,
87,
85,
86,
89,
90,
89,
89,
90,
90,
90,
91,
95,
98,
98,
98,
100,
103,
106,
108,
108,
107,
104,
102,
103,
105,
105,
104,
104,
106,
105,
103,
102,
101,
100,
99,
100,
102,
104,
104,
104,
104,
104,
100,
97,
96,
96,
97,
98,
98,
99,
100,
101,
102,
102,
102,
103,
103,
102,
99,
97,
98,
98,
99,
101,
101,
101,
101,
101,
105,
110,
112,
109,
103,
100,
100,
101,
102,
102,
104,
105,
106,
106,
105,
104,
105,
108,
110,
111,
113,
114,
113,
116,
117,
115,
111,
107,
105,
105,
104,
102,
100,
98,
93,
90,
92,
91,
90,
90,
90,
90,
90,
90,
89,
87,
83,
82,
82,
84,
83,
82,
83,
85,
87,
89,
89,
88,
88,
88,
88,
88,
88,
88,
86,
86,
87,
90,
91,
93,
95,
97,
100,
104,
107,
110,
113,
113,
110,
106,
103,
103,
102,
99,
96,
97,
97,
96,
94,
95,
97,
97,
98,
102,
103,
103,
101,
100,
102,
102,
102,
100,
97,
94,
93,
94,
99,
106,
113,
117,
118,
117,
116,
113,
109,
107,
105,
102,
100,
99,
99,
100,
99,
100,
104,
107,
110,
112,
109,
106,
106,
106,
106,
106,
107,
107,
108,
108,
108,
108,
108,
106,
105,
103,
102,
102,
102,
104,
105,
105,
107,
106,
101,
97,
95,
92,
89,
87,
85,
80,
77,
74,
71,
67,
65,
67,
68,
68,
70,
72,
72,
71,
72,
72,
71,
71,
72,
72,
70,
67,
66,
66,
65,
66,
68,
69,
70,
71,
73,
78,
81,
84,
88,
91,
93,
93,
92,
92,
90,
88,
85,
83,
83,
85,
91,
96,
95,
96,
97,
95,
98,
102,
105,
105,
103,
103,
104,
107,
110,
109,
107,
105,
103,
103,
104,
104,
104,
105,
105,
104,
106,
109,
109,
109,
112,
115,
116,
116,
115,
116,
117,
117,
114,
110,
107,
105,
103,
101,
100,
100,
102