158,
202,
204,
173,
158,
167,
202,
199,
173,
173,
158,
146,
167,
183,
179,
158,
146,
167,
167,
126,
126,
167,
211,
222,
199,
179,
179,
126,
126,
146,
146,
146,
158,
146,
126,
146,
146,
126,
183,
208,
209,
206,
197,
167,
167,
179,
158,
126,
146,
158,
158,
167,
167,
146,
126,
126,
126,
126,
194,
204,
214,
216,
173,
146,
197,
206,
206,
199,
179,
167,
167,
179,
173,
183,
173,
126,
146,
146,
126,
146,
194,
194,
158,
202,
202,
167,
167,
167,
146,
126,
126,
126,
158,
179,
173,
179,
179,
126,
126,
126,
126,
0,
146,
158,
183,
197,
173,
158,
167,
173,
179,
173,
158,
126,
126,
126,
146,
158,
167,
158,
158,
179,
167,
158,
146,
126,
126,
146,
173,
173,
167,
167,
126,
183,
202,
183,
0,
0,
0,
126,
173,
197,
179,
126,
126,
146,
158,
158,
191,
187,
0,
0,
173,
173,
194,
209,
206,
173,
126,
197,
206,
179,
126,
173,
183,
167,
146,
146,
173,
173,
126,
126,
179,
183,
158,
126,
126,
167,
199,
209,
191,
146,
167,
146,
126,
187,
187,
167,
167,
126,
194,
202,
167,
194,
197,
158,
146,
126,
146,
179,
187,
173,
173,
183,
173,
158,
204,
202,
146,
183,
197,
183,
146,
126,
146,
167,
167,
126,
126,
126,
0,
146,
146,
167,
167,
146,
167,
158,
146,
167,
146,
167,
202,
191,
126,
126,
146,
167,
187,
179,
158,
158,
146,
158,
197,
194,
126,
146,
146,
126,
146,
167,
167,
146,
146,
126,
126,
126,
126,
146,
146,
173,
183,
173,
146,
0,
126,
126,
146,
167,
158,
167,
173,
173,
204,
199,
146,
146,
146,
146,
146,
167,
183,
197,
183,
199,
211,
197,
167,
126,
146,
167,
179,
183,
167,
126,
0,
126,
126,
167,
158,
126,
126,
0,
146,
191,
194,
173,
146,
126,
146,
167,
158,
146,
146,
158,
158,
126,
146,
158,
158,
146,
126,
146,
173,
204,
209,
191,
146,
191,
197,
173,
167,
146,
126,
167,
167,
126,
183,
187,
146,
0,
0,
126,
126,
191,
206,
187,
146,
126,
173,
179,
173,
183,
167,
179,
187,
158,
126,
126,
0,
158,
216,
230,
216,
173,
126,
146,
179,
187,
194,
183,
179,
183,
167,
146,
126,
126,
126,
146,
0,
158,
167,
126,
126,
179,
191,
179,
167,
126,
126,
146,
173,
183,
179,
173,
158,
146,
146,
183,
179,
126,
0,
0,
126,
126,
126,
158,
187,
179,
146,
146,
146,
146,
158,
179,
179,
146,
179,
173,
179,
199,
191,
126,
158,
146,
146,
146,
126,
126,
126,
202,
204,
191,
199,
187,
167,
187,
194,
146,
126,
126,
0,
126,
146,
146,
146,
146,
146,
146,
187,
194,
183,
183,
167,
146,
126,
126,
0,
0,
0,
126,
146,
158,
167,
158,
158,
158,
146,
158,
158,
167,
187,
187,
146,
146,
146,
126,
0,
0,
126,
173,
187,
167,
0,
0,
126,
146,
187,
191,
183,
213,
211,
167,
126,
126,
0,
126,
126,
0,
146,
179,
191,
202,
187,
146,
146,
191,
194,
146,
126,
146,
158,
158,
187,
209,
202,
0,
126,
191,
187,
146,
146,
126,
126,
167,
158,
126,
126,
126,
0,
146,
158,
191,
202,
209,
209,
194,
167,
146,
146,
173,
191,
173,
146,
167,
173,
146,
126,
126,
146,
126,
126,
126,
146,
146,
146,
179,
183,
187,
173,
146,
158,
158,
197,
197,
167,
167,
146,
146,
187,
202,
191,
158,
146,
146,
146,
126,
126,
126,
126,
167,
167,
126,
0,
126,
146,
146,
146,
146,
191,
187,
126,
126,
167,
167,
194,
206,
183,
158,
146,
173,
173,
158,
158,
146,
126,
0,
167,
179,
194,
187,
126,
158,
158,
199,
204,
158,
126,
146,
173,
187,
167,
0,
0,
126,
158,
167,
202,
206,
199,
179,
146,
146,
179,
173,
158,
146,
126,
0,
0,
146,
158,
179,
173,
158,
179,
126,
126,
167,
173,
146,
173,
194,
191,
191,
179,
146,
179,
199,
197,
173,
158,
158,
158,
167,
197,
187,
158,
167,
173,
187,
220,
217,
179,
179,
167,
158,
218,
217,
146,
213,
218,
179,
158,
209,
211,
208,
213,
199,
183,
187,
191,
187,
187,
158,
173,
179,
158,
194,
194,
146,
126,
173,
194,
206,
208,
191,
173,
167,
167,
158,
158,
158,
126,
126,
146,
146,
146,
158,
158,
0,
167,
183,
167,
146,
146,
146,
126,
146,
146,
146,
158,
146,
126,
126,
126,
158,
183,
173,
126,
158,
173,
167,
213,
216,
167,
179,
179,
167,
158,
146,
146,
158,
173,
167,
167,
187,
202,
183