57.551403
53.906116
56.010998
56.374416
56.608944
59.223827
56.925083
55.058048
54.261433
49.334412
47.904839
49.317566
42.208008
27.981441
21.966499
23.000557
14.785905
3.820098
-5.208469
-21.381721
-33.520184
-38.064568
-41.768375
-34.308014
-20.831131
-15.992299
-10.809304
6.274003
35.517700
73.192268
107.872704
131.581177
153.892715
172.203766
169.804474
162.730408
170.772552
182.072906
188.976822
188.001053
180.244141
180.049500
181.394791
177.478745
179.630127
179.333878
167.233566
159.207352
163.010574
168.264984
170.338348
172.056122
167.560562
152.611893
139.130142
132.721817
123.053368
107.873863
97.044075
92.834213
86.102745
74.042549
64.774078
58.290203
45.739674
29.913326
18.081577
6.321475
-8.733002
-26.949585
-48.613464
-68.051559
-82.988480
-97.864197
-112.803612
-123.504601
-126.350601
-125.933434
-128.764496
-136.265747
-150.217392
-161.510117
-164.028534
-169.142700
-170.226517
-158.442169
-151.490707
-153.544235
-154.610077
-154.958298
-153.876984
-154.291000
-157.192688
-150.394653
-132.296539
-114.255569
-99.796844
-86.095665
-73.968323
-69.399956
-71.684227
-69.229378
-59.944382
-55.228931
-60.514454
-67.851746
-64.785141
-52.036629
-42.169510
-38.205570
-38.566521
-47.976585
-64.938736
-77.600197
-76.854118
-69.751755
-70.140526
-74.147713
-68.370163
-56.331001
-50.401829
-47.984077
-42.132839
-37.688637
-35.610535
-30.279465
-19.735264
-4.781597
6.493680
8.856391
6.000325
-0.383422
-8.741013
-21.497173
-35.183369
-38.201469
-36.183353
-31.260159
-16.242188
2.836503
27.580551
55.324787
66.423943
58.024975
42.837086
29.332489
14.100291
-4.734216
-21.800091
-45.593021
-75.803680
-99.044670
-114.541328
-117.638100
-113.935318
-116.867584
-116.892960
-109.146095
-95.601616
-74.278275
-50.971172
-30.957115
-23.656424
-25.781889
-17.747915
-4.707356
-1.916991
-9.947254
-20.974472
-26.878283
-30.786304
-31.782158
-27.655365
-25.723845
-20.390690
-4.839828
16.501328
42.162750
69.966637
93.154831
106.270439
118.703972
141.214615
162.559036
172.490005
172.569962
170.907089
179.001068
188.407516
181.487244
158.502686
131.843384
104.776405
73.138268
54.429798
57.239574
57.292416
49.574425
38.792862
19.017067
-0.465731
-14.324350
-26.863663
-39.729057
-54.543312
-63.011940
-61.263702
-54.202965
-45.062202
-42.766808
-46.411480
-48.066071
-50.371990
-52.105354
-51.191936
-52.469276
-57.979649
-65.705925
-70.265221
-70.635612
-73.548615
-80.383545
-87.453293
-93.326996
-91.564468
-76.423477
-57.206421
-42.104443
-29.878712
-23.648216
-21.737087
-18.568483
-19.219955
-25.771347
-28.970284
-24.670696
-23.629047
-34.521572
-50.696465
-61.617989
-60.444973
-55.748520
-63.154926
-73.582993
-73.171051
-67.526413
-66.473343
-70.451683
-68.513405
-65.301620
-73.484970
-79.830276
-79.823074
-85.650818
-97.150337
-111.856445
-122.359535
-125.126724
-129.413925
-134.392532
-136.205200
-133.896103
-126.420486
-117.740456
-104.791428
-84.002373
-55.867916
-18.108253
22.263474
54.556660
74.163788
83.164658
87.156448
81.029671
60.474819
31.701401
0.074899
-29.586029
-54.299561
-71.887367
-86.933342
-106.850433
-121.105194
-127.921471
-135.007278
-129.828720
-120.962563
-127.937164
-130.297394
-118.588509
-111.921768
-108.837868
-105.637329
-112.468521
-124.501343
-132.022903
-131.193726
-110.778343
-73.699814
-37.290874
-4.281347
19.176613
24.362556
19.137268
4.896808
-18.695751
-47.106178
-83.856438
-118.769409
-142.906494
-171.247650
-203.855087
-223.984436
-233.815292
-246.432678
-256.746826
-253.880524
-250.269135
-250.124985
-235.602081
-211.480072
-193.690384
-181.592361
-167.122086
-144.472107
-126.231178
-117.794548
-100.607147
-79.630493
-68.922127
-57.986202
-43.014431
-29.139080
-16.183237
-5.982509
1.773847
4.350820
-6.639196
-25.124313
-39.250633
-56.497128
-78.789902
-93.191940
-106.238098
-120.137756
-122.212715
-121.146851
-120.228638
-115.038742
-115.286972
-112.907936
-98.706856
-77.259895
-45.450390
-12.780123
5.670774
8.046847
-1.590935
-14.387426
-26.597435
-31.151524
-24.820736
-19.059647
-15.238548
-22.683987
-46.224007
-63.688461
-77.726486
-90.437180
-81.708984
-63.443844
-54.797886
-56.658695
-63.449688
-66.335297
-66.755211
-61.014862
-51.664417
-50.080261
-43.615726
-35.423916
-39.167358
-39.750393
-35.244781
-33.963482
-34.783699
-37.358109
-35.965790
-34.458321
-31.998085
-21.150034
-19.560225
-28.794003
-28.319267
-22.088036
-19.098652
-16.138304
-9.987552
-1.861180
4.605580
8.951964
8.256480
4.240478
6.908338
17.743954
30.686512
36.165531
32.727070
32.917076
35.823101
26.926960
24.034054
24.098389
22.155159
25.547367
31.970768
37.126450
44.847813
48.602371
47.591942
47.596558
47.123829
40.792370
26.551912
17.880079
17.537535
11.926962
4.572077
-2.011004
-11.770609
-20.392620
-29.348166
-38.532127
-41.066086
-35.729889
-29.001852
-20.922424
1.063385
34.798946
68.942520
98.209259
115.608231
130.987213
144.087646
138.204468
131.847198
135.007675
132.499359
129.221420
123.897842
115.633575
113.629318
109.158356
104.630966
110.370667
115.672607
115.121826
115.927094
120.851624
127.395721
133.202744
134.921921
127.308121
113.684128
103.464691
99.524628
94.525833
81.837128
70.980850
67.702560
61.487621
53.574303
54.570618
57.500702
48.840778
36.721279
30.930950
18.428551
-3.577982
-25.338753
-47.389252
-65.071480
-77.763855
-92.977280
-106.179062
-110.768845
-107.996140
-109.031723
-118.070404
-123.890762
-131.515198
-144.693008
-149.132385
-144.659897
-133.647186
-118.095581
-112.401550
-116.297836
-118.904800
-120.118271
-123.580902
-130.094421
-134.463669
-127.729828
-108.371689
-88.991638
-79.188309
-70.672241
-60.149971
-55.924603
-55.560955
-47.161579
-27.819454
-11.331156
-8.381897
-9.135256
-2.562231
7.867153
13.126846
12.286688
11.426916
7.946115
-2.865053
-11.941097
-9.360042
0.012141
4.917910
4.243469
5.293573
7.517977
3.972885
-2.683468
-4.571119
-2.785899
-1.612436
-0.521827
3.633782
10.278780
11.014009
3.828629
-3.981110
-10.909819
-19.124451
-30.349068
-40.388229
-43.076916
-42.359974
-35.138660
-18.838560
-3.447184
14.149315
32.893757
38.600101
33.103558
24.744118
17.045790
7.452002
-7.672506
-25.197012
-48.094830
-73.632553
-93.272522
-107.527634
-112.147964
-111.988693
-114.177917
-108.700104
-95.032791
-74.743378
-46.499172
-18.248219
2.182076
1.757036
-11.762312
-10.102491
5.527600
19.636124
24.313768
22.659084
26.327843
28.577232
26.228716
27.793468
27.350159
26.902973
36.249340
49.439747
55.175087
55.719101
60.944073
66.422546
74.201279
93.986145
110.559769
112.982468
108.167496
103.685577
107.278641
108.808899
97.657990
84.060913
75.120926
64.955521
45.619453
29.640484
29.358227
29.447868
27.781837
28.164463
19.575174
7.995827
-1.325354
-12.206848
-21.553802
-33.711426
-46.762863
-50.276863
-46.282711
-42.503376
-43.801949
-46.088505
-43.197563
-38.188267
-33.001976
-27.301327
-23.969652
-25.094666
-27.094366
-23.906998
-18.721142
-18.038204
-22.099028
-32.054478
-46.017117
-51.753830
-42.288292
-28.850912
-20.359774
-11.452714
-2.953521
0.915356
5.228099
10.626143
12.491394
14.100048
20.423433
23.956924
13.183300
-7.008631
-17.926384
-11.132407
-3.452474
-9.327589
-15.694183
-13.275174
-11.932090
-19.471832
-31.042242
-35.496994
-39.263515
-51.567726
-60.395077
-64.324265
-72.370865
-82.469513
-90.242264
-90.400467
-86.794662
-85.746613
-82.804031
-78.352859
-71.891754
-62.898170
-54.543964
-40.612583
-20.098770
6.091194
38.999355
67.281876
86.254501
97.127762
98.241760
92.628937
78.495590
57.578175
33.934433
5.750437
-19.668636
-35.182976
-41.854843
-48.668163
-62.427990
-68.724731
-67.323059
-70.747787
-67.118896
-61.419426
-68.960732
-71.062469
-59.981926
-52.099854
-47.850578
-43.806877
-46.287712
-50.813782
-48.877640
-42.356941
-27.565037
-2.603265
21.750950
40.057922
47.516083
43.055027
34.675755
18.748255
-3.882674
-24.103676
-45.135799
-63.486950
-77.579636
-102.340179
-135.334229
-158.506760
-172.111618
-186.338318
-194.774353
-192.809158
-194.152328
-196.683228
-187.339539
-171.913010
-158.400696
-149.805801
-143.288010
-132.189392
-122.446838
-113.737534
-99.186157
-87.748413
-82.749680
-76.393112
-67.932922
-61.462925
-60.463722
-62.249817
-61.367416
-60.424854
-67.564995
-81.208954
-91.930328
-104.421906
-120.452393
-129.850525
-138.857544
-145.084625
-136.564819
-127.135605
-120.871552
-110.422455
-101.759705
-89.132614
-71.131729
-58.771950
-48.190948
-33.202293
-17.224073
-8.341064
-8.251623
-12.993828
-24.400234
-35.624191
-41.869877
-45.807545
-43.361927
-49.576797
-69.850784
-83.200928
-96.768188
-112.506027
-111.005432
-99.785080
-92.276123
-91.611359
-93.365250
-91.473984
-90.760071
-82.969650
-68.555893
-65.312515
-64.830040
-61.111229
-58.523132
-51.718159
-48.011036
-49.794228
-49.038639
-43.327969
-32.679214
-27.396812
-26.375856
-23.340857
-28.571560
-33.620880
-27.901157
-22.278700
-19.409998
-17.180847
-12.218521
-2.337854
4.952301
7.335571
3.948107
-2.321286
-1.359566
5.090852
9.855010
9.874173
8.915857
14.553406
19.518637
7.766797
3.763187
3.718154
7.520191
17.804497
29.454695
38.525284
44.176247
42.427578
38.055786
36.682796
38.810120
36.373924
23.951717
18.906662
22.170719
17.209259
12.950457
15.228432
14.637015
9.936352
2.468005
-5.740654
-13.319529
-21.119030
-27.933779
-28.170748
-15.232904
5.903041
27.559296
44.209087
50.634933
58.469341
72.231949
77.803108
76.548012
74.728775
71.465340
66.513420
53.929249
38.890198
35.478130
37.083092
32.625614
29.571419
32.365265
33.486324
34.952755
39.811172
40.792328
39.364597
39.698666
36.467693
28.851934
25.071083
28.036026
27.031500
19.243362
14.716215
12.634920
9.173219
6.844972
9.921774
16.333813
12.038804
3.716457
4.913703
-0.451157
-15.136688
-28.011412
-41.088711
-48.755863
-52.486137
-60.868504
-68.707207
-70.658577
-65.455971
-61.422337
-64.014801
-65.299873
-70.943069
-82.214012
-85.233025
-80.733047
-72.588821
-63.331150
-60.817913
-63.328182
-64.854156
-65.553589
-69.370430
-76.259796
-80.123253
-75.623917
-60.213955
-44.075474
-38.547478
-34.006134
-26.931311
-27.283720
-29.830355
-24.443481
-12.058069
1.130155
7.566928
6.847927
9.683617
20.183098
26.891151
26.900866
30.439194
34.226624
28.520721
19.786848
21.172953
32.827293
40.210007
37.091824
35.825043
38.607037
34.409512
29.562500
34.273056
41.345901
46.981430
53.400764
59.214272
64.976860
67.976776
64.974663
57.116039
46.906139
37.099884
22.501568
4.856346
-5.313847
-11.645409
-13.842186
-10.239922
-8.964582
-5.443079
0.352911
2.818042
5.437201
5.117508
4.347901
3.522113
-3.030253
-7.728809
-14.540394
-26.877771
-36.702389
-48.301785
-55.361919
-54.222954
-56.307018
-60.068874
-65.392570
-66.766754
-53.302433
-33.733555
-21.665247
-27.559618
-38.237396
-28.793970
-10.267338
5.257802
20.381432
30.135635
36.156921
39.912212
44.856552
49.008118
37.528000
24.587223
28.338160
34.223274
33.971771
33.525959
33.262817
30.064657
30.659782
41.978622
48.842102
41.752918
30.852516
24.817862
30.761076
41.249096
40.084213
32.807014
33.216629
35.387600
26.207798
17.920753
23.114023
26.525755
25.647964
27.163465
24.399704
20.015932
14.253986
3.842716
-1.849433
-0.488803
3.154726
8.125131
14.511635
18.980579
16.865314
15.000782
16.919968
15.477949
12.867939
12.447375
12.701298
12.868155
13.100670
17.457611
22.047800
21.712572
22.685337
22.831408
16.302374
11.348485
15.765974
23.205872
23.700994
19.523840
17.825064
19.651846
26.282373
37.168232
47.579720
56.655842
64.937317
65.638336
51.815788
33.088005
28.566587
40.752289
50.744068
44.633682
32.503349
28.991737
31.893744
30.281509
25.160633
26.298985
24.156542
11.047009
5.814033
8.383251
1.891304
-10.123667
-21.328453
-27.096601
-26.675550
-27.688784
-26.904654
-22.397589
-16.580435
-4.478178
13.107504
35.241928
59.842621
79.304970
97.188782
116.868546
133.173080
144.315811
149.569305
148.573746
143.902954
137.658783
127.322624
112.837036
100.597679
92.568657
89.301956
85.161690
72.454483
64.081055
62.064640
54.613079
51.876301
50.001720
37.236519
31.911093
37.711124
40.042339
41.020123
41.304005
36.565460
29.544041
21.925869
15.468668
15.671747
22.164377
30.288660
38.663631
39.981922
30.204203
19.119778
10.956778
8.262733
10.693873
5.384379
-3.304423
-8.949053
-28.151312
-58.594059
-81.942589
-99.855988
-118.406181
-134.266144
-146.418442
-160.180450
-173.189865
-175.911896
-172.651749
-173.621826
-177.655807
-178.809860
-175.682755
-171.655258
-164.031219
-148.297287
-134.214111
-131.142776
-132.296158
-130.271286
-128.118973
-127.103035
-123.676430
-119.240112
-115.685715
-115.613602
-120.923225
-125.738899
-130.069168
-133.923798
-135.445786
-142.159225
-143.408707
-131.092957
-121.361366
-110.262802
-99.634239
-102.962402
-100.729759
-86.544716
-72.575005
-54.894360
-38.253990
-28.253485
-26.030005
-34.509285
-46.187077
-55.405849
-54.748371
-45.039387
-39.826347
-39.273335
-54.412525
-85.237816
-101.150871
-106.970207
-111.665726
-100.045952
-85.314804
-80.863098
-80.830231
-80.394745
-75.927521
-71.515961
-63.975567
-55.981098
-59.864933
-62.995129
-59.989086
-56.698338
-46.272305
-38.608723
-39.399158
-35.393036
-24.278051
-12.837526
-9.825502
-9.279680
-5.678818
-12.425709
-18.857641
-12.202234
-7.597682
-5.107765
0.517942
5.801773
14.433231
23.925884
27.489101
22.024130
11.906424
7.860546
7.801565
5.132259
-0.761357
-7.690408
-8.021837
-6.016107
11.466969
11.356385
12.411693
12.447662
17.311165
24.781918
29.294502
33.446621
35.622292
33.429234
29.238876
26.738554
21.668287
10.424606
6.887336
10.009212
5.547148
2.317507
3.204375
-0.310989
-4.852235
-10.092103
-15.426422
-16.992023
-19.419802
-25.957020
-30.882088
-25.537733
-8.926130
11.380930
24.674192
26.637560
29.480455
35.515198
33.283428
30.643866
33.593086
34.225628
33.915596
31.596560
25.708982
22.733313
20.542982
18.248278
23.573961
32.132130
34.642628
37.623615
45.801842
50.739147
52.145985
54.260262
53.645348
49.688469
46.298771
46.616432
46.947594
42.167488
38.283611
36.342491
28.956839
22.174940
26.273779
33.023975
28.958775
22.879917
24.570763
21.598175
10.247732
-1.048395
-10.717949
-17.727570
-23.895487
-30.496572
-36.682121
-41.347187
-39.553886
-39.760250
-46.451324
-47.751499
-50.896915
-58.615589
-56.391026
-51.133999
-48.992756
-43.647659
-41.393856
-44.831036
-45.384121
-42.126274
-41.072449
-44.115555
-47.816792
-45.147205
-32.754726
-21.824755
-20.556719
-20.900578
-20.176516
-23.183104
-27.161749
-24.039997
-13.815487
-7.843992
-9.784190
-11.640554
-5.618958
8.587195
18.174604
19.698332
22.865303
22.566681
15.641114
13.154259
18.130394
24.707724
25.823009
22.688101
24.750177
28.598398
24.897892
20.442200
23.258217
26.450350
25.998564
27.338856
31.437624
36.218288
39.475941
38.086823
33.391747
29.396650
24.304142
11.865558
-1.580848
-6.176929
-8.117749
-8.946689
-6.988188
-7.173074
-4.342586
-0.226514
-2.272991
-7.170716
-15.156342
-22.677481
-28.516787
-38.508850
-49.226810
-62.426899
-76.327225
-83.470100
-86.572113
-81.903442
-74.850342
-75.476494
-75.393311
-73.466591
-66.718613
-47.685799
-22.386042
1.877338
11.589659
8.168722
12.772240
27.045343
44.006649
57.387131
66.639191
78.781693
85.376221
88.162056
93.397781
87.654198
77.470901
76.141441
76.157730
73.450363
73.409569
79.475502
83.357628
84.388824
91.358360
93.443047
84.376587
70.694977
54.853161
46.265007
44.128284
35.898212
23.105343
15.257525
8.685114
-9.640075
-26.395678
-26.365292
-27.337868
-31.185558
-29.110956
-29.088552
-28.484587
-28.890594
-36.752712
-45.602833
-55.109222
-65.132126
-71.117477
-73.300407
-74.767998
-79.444672
-83.195938
-83.958969
-84.297340
-79.657379
-73.830124
-71.477600
-66.676514
-59.191154
-50.146263
-40.979202
-35.009640
-28.754389
-24.532703
-27.353098
-27.769604
-19.694586
-11.642183
-6.830525
-2.249521
0.113930
2.155776
9.595598
21.452684
33.764103
45.376713
55.577362
56.739964
42.502777
22.811668
12.357890
13.792623
16.448515
12.330483
8.363875
9.256249
10.363641
5.061830
-5.277419
-7.557329
-7.001859
-13.774375
-13.846741
-7.861814
-7.542974
-10.585922
-17.139688
-21.057249
-18.827728
-17.690468
-16.615536
-17.320700
-17.680664
-11.299105
-3.513739
7.432618
21.648565
32.730816
45.412842
57.438293
63.328945
67.331734
70.083885
69.222305
63.481995
55.082806
45.432636
33.199036
23.440165
18.513330
15.897841
10.225907
-4.139051
-16.396391
-22.068665
-29.944601
-33.280453
-34.145649
-42.292030
-43.539936
-33.354740
-26.532515
-22.187815
-13.300923
-3.280494
5.944099
13.381433
16.794809
22.801689
33.894432
41.796165
44.009693
38.864086
28.515772
21.671438
15.213711
8.852305
4.798403
-6.237915
-16.072786
-17.121468
-29.709742
-55.412724
-73.255859
-83.142647
-95.052612
-104.873573
-110.274467
-119.722839
-130.601517
-133.022766
-131.200577
-133.246964
-138.816635
-140.324432
-135.206848
-133.754486
-134.723038
-127.077957
-118.485603
-117.888222
-117.200081
-111.629105
-106.406822
-100.336967
-89.490486
-79.711136
-75.150993
-76.771263
-82.013855
-79.940018
-75.999313
-77.041534
-71.694824
-65.832832
-63.001919
-51.939068
-41.183090
-32.150272
-19.097862
-10.690177
-2.795925
8.956941
19.391510
29.139404
37.352173
44.854263
49.090233
46.483707
38.489838
22.736248
8.647618
0.282539
-8.754629
-7.702361
-7.115965
-21.857750
-34.273880
-45.704666
-57.635426
-54.360542
-45.888233
-43.038265
-44.777523
-48.404499
-46.933010
-41.754261
-29.564478
-14.335570
-13.166948
-19.158251
-21.544737
-20.001745
-12.520209
-5.964838
-0.055923
9.412941
17.079126
20.326801
16.517735
12.991838
14.696569
7.876394
-1.089249
2.085295
7.211597
6.958784
4.949855
6.093988
13.976129
24.352409
29.691320
26.172424
19.780437
17.009129
14.249273
10.134060
4.044867
-3.778503
-5.736905
-5.318349
15.075255
15.408809
15.573008
14.788293
19.354660
26.880302
31.115093
35.738178
38.454628
34.523045
29.269730
27.625572
22.066410
8.791632
3.600705
7.055200
3.425584
-0.651978
0.473065
-1.202303
-5.780971
-12.784225
-19.096733
-20.231407
-23.270622
-32.979023
-41.169899
-37.687939
-22.222195
-3.353301
7.669510
7.893520
9.602844
14.702024
13.200742
11.477477
14.310164
15.780392
16.637875
15.745601
12.634745
11.969820
11.790335
11.050739
16.042570
25.315434
28.823349
29.986076
37.293945
43.066357
44.431602
47.712151
48.564835
42.985146
37.516171
39.153160
42.367794
38.272224
33.269150
30.888645
24.357262
18.767044
23.704971
31.725437
29.150433
23.530483
25.103939
22.484222
12.823758
3.528463
-5.137545
-10.505177
-15.360141
-22.297455
-28.208595
-33.457729
-34.117363
-35.311855
-41.651192
-42.938087
-46.154564
-54.257462
-53.309322
-49.709240
-48.591019
-44.593857
-43.995693
-47.539783
-47.680241
-44.176910
-42.770603
-46.577137
-51.212135
-48.712612
-36.393929
-25.275585
-23.567883
-22.949429
-21.172417
-23.576435
-27.120358
-24.852940
-15.053351
-7.096323
-7.932680
-10.117920
-4.234293
9.503244
19.996803
23.443336
26.753551
26.226311
19.686043
16.870216
21.981724
29.717987
30.489223
25.465092
26.850143
31.269569
28.237473
23.784645
24.193611
24.547615
23.643990
23.850082
25.875942
31.527489
36.347065
34.781937
31.062298
29.499847
26.728745
16.638054
4.326169
-1.828728
-7.335412
-12.168001
-13.695508
-16.627350
-15.837462
-13.951089
-18.492302
-24.740574
-32.167423
-35.976845
-36.379898
-43.061764
-50.949623
-60.871864
-73.157425
-77.880310
-78.614868
-74.370377
-66.997284
-65.515778
-62.384453
-57.175690
-50.437798
-33.867672
-12.149101
7.877919
16.718357
13.150114
16.360174
32.101032
49.019375
59.336998
67.925392
79.085381
83.637642
86.145767
91.288773
87.367905
81.325790
83.267075
86.187157
85.410522
85.330734
90.378693
91.967659
90.624191
96.054207
96.610046
86.285858
71.428436
55.260342
47.079712
43.861164
35.022366
22.162868
11.124422
3.207758
-10.483569
-24.323910
-26.243153
-28.988899
-33.473431
-31.087986
-29.760967
-28.749699
-27.660446
-32.034061
-38.501469
-46.314556
-55.569717
-62.020126
-63.190643
-64.362572
-70.289085
-74.274414
-76.631752
-78.862007
-74.844315
-71.931908
-72.514694
-69.027580
-63.379089
-55.075184
-47.448311
-44.840893
-39.821873
-35.060806
-36.021255
-33.936573
-25.216206
-16.252197
-10.107788
-5.649210
-3.712652
-3.128072
2.517943
13.027200
21.857830
29.628723
37.445736
35.949242
20.646347
2.300560
-7.363205
-5.348619
-1.181574
-5.107467
-9.424295
-6.236080
-2.055911
-4.448233
-10.182061
-8.507440
-5.742530
-10.632906
-8.931591
-0.136721
2.561853
0.447866
-4.759642
-8.056864
-5.886153
-5.650771
-7.469680
-9.919321
-12.569478
-10.695326
-4.904445
4.439078
15.747578
25.582287
36.000572
45.035477
49.883636
53.723972
58.688755
61.978313
59.369740
53.178608
44.988052
34.958153
29.303547
27.885990
27.167263
22.136673
7.289247
-5.082383
-10.997455
-20.469849
-25.010193
-27.311352
-39.425701
-44.888237
-37.795765
-33.524792
-28.792847
-17.483337
-5.996112
5.075677
14.714589
18.731155
23.360569
32.070969
39.268139
42.442795
38.396160
30.289345
25.688419
20.066395
14.633146
12.237403
2.996768
-6.576166
-8.259633
-19.169949
-43.070175
-61.018528
-69.624031
-80.010933
-90.433372
-96.013687
-105.329666
-117.436157
-121.430954
-121.527718
-125.572037
-132.231613
-134.392242
-128.769867
-126.097000
-128.229034
-123.292648
-116.136795
-116.697159
-117.703300
-113.344437
-109.469849
-105.700645
-97.613693
-90.353661
-86.395370
-86.267670
-89.901543
-86.926781
-82.049797
-82.504974
-74.934921
-64.713333
-58.779205
-46.241169
-34.475529
-25.638187
-13.483315
-5.290011
3.764475
17.472927
28.790333
38.078625
46.107834
53.447788
55.728523
51.424442
44.871071
30.530117
15.731765
7.228948
-1.560416
-1.935408
-4.522593
-21.966820
-33.677692
-42.176186
-51.574268
-46.661480
-37.584145
-34.590870
-37.563210
-43.518826
-41.548382
-33.327515
-17.540089
1.527516
4.123497
-2.522046
-6.204614
-7.440721
-0.771812
8.297569
15.921798
25.564358
32.730728
34.284569
27.801178
21.031090
19.413635
10.866950
3.774105
10.445515
17.479073
18.520210
17.299875
17.690033
23.121086
29.162067
32.836685
31.195366
23.520359
18.242733
16.654604
14.304048
8.756792
0.090764
-3.618042
-2.273382
15.887096
12.347378
11.953970
11.808431
13.372176
17.531797
21.857840
25.481901
25.933399
22.393742
17.931490
15.035101
8.181614
-2.081461
-0.739032
6.520008
6.041430
7.248518
9.717581
6.159428
2.271410
-3.291243
-10.385553
-12.684287
-15.258715
-25.619598
-38.875259
-43.778919
-39.336735
-34.388035
-38.059296
-49.628960
-52.242294
-43.971592
-41.013027
-40.266499
-37.850979
-42.666317
-51.389553
-58.897415
-65.897270
-70.838272
-76.920647
-84.309189
-84.344933
-78.328163
-75.483826
-71.629967
-62.205807
-57.940224
-60.259499
-56.794422
-50.987297
-54.994747
-57.595966
-45.280132
-34.811169
-35.351021
-31.179554
-22.899786
-20.035448
-15.889124
-2.382164
13.008705
17.185360
19.193098
29.421490
35.112820
34.920891
35.466812
34.012012
34.201736
35.073086
32.304646
28.683016
27.111721
31.402706
35.671265
34.949814
36.524452
36.540108
32.732407
33.184326
35.081123
36.404762
40.201473
42.420895
41.114838
41.364372
43.971916
42.649799
35.884552
27.793148
23.902166
27.787331
30.637848
26.536915
23.609579
23.161394
19.820906
14.793264
15.418268
23.491817
27.902786
23.631327
18.904758
21.735117
31.443390
36.702610
35.037685
33.317730
26.352770
11.985783
0.708431
-0.944225
2.973258
1.193174
-7.071940
-10.299102
-10.066368
-16.330318
-25.302435
-30.920797
-36.198841
-40.478050
-40.890800
-38.270432
-32.676098
-27.685749
-26.567720
-26.921404
-25.542999
-22.777546
-25.385748
-29.727133
-26.037882
-20.868746
-17.367746
-14.877531
-16.381891
-15.341502
-16.149197
-24.415567
-31.293386
-34.847614
-31.132021
-21.746567
-15.063115
-6.977283
-1.085827
3.345211
12.418983
17.173908
22.733791
32.569790
36.739014
38.721149
37.911900
35.952713
40.133839
45.876534
49.683647
42.214500
23.656729
14.715951
15.993433
15.241718
9.648536
3.572886
2.354477
-1.207622
-7.953495
-13.592377
-27.455322
-45.696320
-55.460678
-60.970188
-70.243256
-79.983971
-87.107536
-98.755867
-106.968964
-98.083679
-87.138069
-85.382469
-87.850639
-91.845459
-85.509239
-68.136925
-56.874290
-50.802605
-38.816517
-28.167282
-28.685627
-27.687960
-17.507774
-11.262375
-7.451359
0.497029
6.200049
12.520911
21.214670
24.165424
22.715778
23.873928
28.158430
33.520454
41.286770
48.189541
48.088451
45.246593
42.871029
39.260353
38.130566
39.001514
37.659462
35.653843
36.292355
40.199947
43.022247
42.450661
43.082584
43.322235
37.787022
34.040108
38.677723
42.060455
39.933098
38.682713
36.229797
30.538843
29.482407
35.341217
41.883396
50.162842
62.132324
65.433029
53.268616
35.299591
22.924501
23.486265
26.306238
17.979362
10.336748
11.030441
12.511805
10.054516
4.604058
5.899108
9.260939
4.988994
7.886064
18.702854
22.447538
19.194851
11.474371
6.979833
8.244380
4.529964
-2.873569
-10.209661
-17.375172
-19.479404
-18.179892
-17.316902
-17.932077
-18.224586
-13.114985
-5.455207
-1.469687
0.063487
4.010851
9.624639
13.237257
17.296467
20.167791
21.605873
29.636936
41.728424
53.915649
61.093201
55.736282
52.538998
55.024860
49.795246
47.586689
46.207722
31.835140
22.472851
25.255272
24.697969
22.353100
24.729834
29.415598
35.139446
38.827999
36.809071
34.444271
36.048775
36.825371
34.695797
28.902012
20.446201
16.803982
18.398897
23.085724
29.433420
29.346329
27.158749
29.942871
25.044481
9.783877
0.512246
-0.227611
-3.197689
-8.035287
-11.034956
-19.053879
-31.270340
-38.938740
-44.676418
-54.871758
-69.734489
-80.721764
-82.128860
-85.567352
-92.387505
-90.086853
-87.119324
-94.495323
-101.999275
-103.773628
-106.291740
-108.451485
-106.481316
-105.857368
-108.481544
-112.847443
-118.419029
-119.557854
-119.266403
-118.213974
-107.566010
-97.790863
-93.947830
-86.526848
-82.413879
-78.068626
-65.836479
-59.553795
-59.854156
-58.721176
-60.223873
-63.754429
-62.155106
-54.957409
-51.541874
-52.441639
-54.706833
-64.039452
-70.581329
-69.903145
-69.490623
-59.944088
-51.700493
-57.712769
-61.921268
-69.373100
-82.491890
-82.355522
-74.510033
-69.802139
-68.529312
-67.295273
-60.808479
-53.528206
-43.232056
-32.888187
-35.644142
-41.366444
-43.178371
-44.538906
-37.765018
-27.231701
-20.288166
-15.184441
-12.476071
-11.988867
-14.969122
-13.518761
-4.978606
-5.811327
-9.308701
-1.233576
5.007295
3.391697
3.172515
7.475233
13.352466
18.185572
20.487463
15.023077
4.382884
-1.755033
-3.280660
-1.866918
0.140497
1.088821
6.853045
14.472265
22.426752
20.534704
19.090763
16.741055
18.510023
22.830812
27.407459
32.047615
30.377750
24.326708
20.853798
18.926985
12.677130
3.230413
3.628971
10.330268
10.152916
10.188409
11.479071
7.737500
2.929297
-5.055661
-15.354434
-20.931602
-27.643843
-42.647148
-57.964714
-63.071709
-60.408104
-56.899094
-60.227398
-72.644897
-78.189232
-73.980446
-73.369896
-72.027100
-69.888908
-75.360794
-84.211449
-93.194801
-99.397026
-102.395447
-109.254585
-116.562889
-116.555878
-111.946053
-107.482307
-99.685410
-87.766258
-81.797905
-80.199432
-73.061218
-65.850281
-64.537392
-61.490604
-49.970295
-39.036678
-36.407612
-30.602495
-19.565626
-14.093905
-9.002273
4.276937
19.101219
26.809454
34.055031
46.769836
54.662323
56.424221
58.014263
57.741447
58.309158
59.255817
56.137432
50.552399
48.310757
54.812328
61.216347
62.704819
67.201866
68.089035
63.881756
62.792927
60.443478
58.722836
61.163906
61.721436
60.768230
62.100967
65.034050
63.799133
55.177197
43.851521
36.366398
37.312546
38.866207
33.300171
29.536057
29.204094
24.972446
18.706785
17.716118
25.358566
32.072102
29.996910
27.049894
31.513880
42.171619
50.048233
51.953964
52.261208
46.590191
33.094265
21.077190
17.922070
21.464350
20.149956
13.480622
13.219812
15.383947
9.695722
-0.127583
-8.808805
-17.590038
-26.046654
-30.345407
-28.209530
-22.000353
-17.155258
-16.408699
-18.899296
-19.937510
-17.828112
-21.566853
-27.632362
-25.150805
-23.646971
-25.541504
-26.187330
-31.560553
-35.758480
-38.286118
-46.731201
-54.771221
-59.136177
-56.182602
-46.503006
-38.438446
-28.622416
-20.032841
-14.516814
-5.377647
2.590821
12.788643
26.187716
33.215584
37.476437
39.432762
40.590069
47.309361
54.998524
58.020302
48.706181
31.782608
23.774265
23.832460
24.855528
19.669569
10.828413
9.213770
5.334856
-3.176304
-12.549678
-35.295139
-63.145763
-80.277519
-92.576126
-107.802315
-122.254929
-129.782455
-141.009781
-154.811829
-151.530273
-141.379547
-138.257050
-138.164597
-138.961746
-127.918793
-105.390419
-89.377487
-77.449104
-61.445927
-46.610935
-39.484959
-34.065735
-23.032961
-13.601537
-4.870491
8.662650
19.258238
26.242195
32.850468
35.513496
34.649822
35.433140
40.560112
46.392273
53.246288
61.473019
62.612175
58.689339
55.811634
51.320835
48.068916
47.169575
43.673008
38.961330
37.513626
39.720890
41.324635
41.062115
42.068119
42.457649
39.045795
35.761211
36.669701
35.981075
30.012747
26.582811
25.502108
20.863409
20.540352
29.538748
39.920036
50.971188
64.510300
68.170776
54.798183
36.238369
25.584652
26.901638
30.588947
25.187792
19.244442
21.957447
25.510756
22.311398
18.188988
23.131102
28.738659
27.135086
32.408039
44.895840
49.846741
43.818237
31.696978
24.795231
23.456379
18.060541
11.543200
4.451391
-4.243970
-7.930014
-8.437734
-9.937809
-10.717566
-7.487206
1.103949
9.635263
14.600043
19.288033
26.836391
35.294209
41.306797
46.112301
47.883957
48.296989
55.261532
65.654289
76.291992
82.535721
76.950371
73.752510
77.334801
74.059685
71.031532
67.831276
54.031513
44.386517
46.244968
47.379856
48.364773
54.783478
62.124615
67.453369
70.032242
67.009491
63.968231
65.902458
67.806183
68.702454
66.313179
59.652561
57.829018
60.489223
65.137863
72.062645
71.608696
68.848206
72.968567
68.345551
50.794830
38.670883
35.365192
31.304335
28.419596
28.725479
21.538847
7.528337
-1.788744
-9.071157
-21.619572
-39.088619
-53.366310
-59.380444
-67.981438
-78.671707
-78.361153
-77.373894
-86.928467
-95.532768
-97.525391
-98.996468
-99.990479
-99.978035
-102.217827
-104.245018
-107.451279
-113.885323
-113.718002
-109.578865
-106.374077
-95.030014
-83.388466
-75.546890
-64.186897
-59.462948
-57.447571
-49.482933
-46.315403
-44.749111
-41.434654
-43.504814
-48.186749
-50.344963
-46.947590
-43.776470
-45.079422
-47.086891
-53.606583
-58.258694
-57.885704
-59.396812
-52.733322
-47.701164
-56.437992
-61.381977
-68.481544
-80.920326
-80.473099
-74.477821
-71.352310
-69.480865
-67.319572
-59.966393
-51.019302
-37.685108
-25.792582
-31.102816
-39.689842
-42.222359
-42.978626
-35.359798
-25.116982
-16.767567
-8.675845
-6.159391
-7.260214
-11.441024
-11.787827
-3.735775
-4.224970
-6.807920
3.272819
10.663063
10.490338
10.701399
12.254163
17.064808
21.754604
22.001368
16.690868
6.862476
0.175459
-1.086865
-0.694553
0.810715
4.037089
11.150131
19.458549
36.116611
33.264946
30.064201
25.030922
24.871691
31.061369
36.853352
39.686081
40.121468
37.651089
35.002045
34.835213
28.459827
16.495199
17.357948
25.530025
24.731451
22.938789
23.603046
21.298306
17.440792
9.414907
-2.509454
-11.722832
-20.863995
-39.414688
-62.317509
-71.876762
-68.865738
-67.895782
-72.513664
-79.871353
-84.590637
-84.380753
-84.339615
-83.275726
-81.856621
-90.714760
-104.248779
-105.351295
-101.001610
-102.626610
-101.547890
-97.361519
-92.078156
-78.623260
-66.130363
-58.983269
-49.291588
-43.870724
-41.486721
-31.002296
-20.050705
-20.047201
-21.600060
-7.294690
13.906550
23.488914
28.388657
34.115185
35.398533
38.945950
51.321484
63.972424
67.735443
71.510117
80.871452
84.595116
83.955070
84.362167
83.635857
85.820908
89.510223
89.806221
85.421837
79.958580
82.772995
85.796547
82.574600
83.972321
83.675583
78.186432
79.207939
81.584755
79.597176
78.032516
73.889198
64.468880
55.971844
49.764214
40.230125
27.934076
16.415056
11.321507
17.382856
24.170694
25.748419
27.161104
25.873268
21.720327
17.075096
14.691419
16.972719
15.644473
10.790525
11.211287
19.988213
35.925709
46.199841
49.499603
55.096786
51.600460
36.871719
25.833008
23.916319
28.085648
26.579702
19.680244
20.946394
23.402737
16.689335
8.734092
4.729997
-1.857696
-13.422100
-22.803345
-25.884981
-22.500513
-15.829185
-13.268559
-13.103223
-9.633692
-7.752199
-14.217803
-23.163961
-25.501051
-26.287615
-30.755903
-37.032364
-43.164425
-43.126034
-42.782974
-52.217808
-65.735718
-79.231049
-86.768356
-83.896706
-77.032204
-66.460281
-56.144859
-48.769428
-39.806969
-31.902771
-17.950026
0.895017
9.073454
12.500888
15.608892
14.870553
16.733044
22.201046
26.216208
19.454359
5.192113
2.924940
10.611257
13.659460
10.284225
5.421724
-0.732798
-12.873169
-23.304541
-30.366545
-47.504723
-71.965584
-93.914581
-108.569817
-117.024033
-123.312057
-123.629875
-127.137856
-132.166245
-116.632957
-94.426117
-82.166672
-73.720055
-71.097015
-59.863476
-31.028973
-5.161563
13.668338
35.375751
54.519180
56.922501
49.276699
53.195881
62.646885
67.691536
76.679367
84.421104
84.902061
84.456909
83.267876
80.034103
78.523613
80.477905
84.817482
91.550331
95.633972
93.102493
89.705635
82.497337
70.657166
65.000992
62.341648
59.834038
58.492481
50.074188
40.055309
34.108997
27.079424
22.359194
16.089325
2.762084
-6.653940
-6.629395
-3.621236
-1.352575
1.654421
2.545645
-3.579512
-8.261697
-2.602671
9.303606
25.644865
43.172588
48.784370
37.556946
19.312864
7.685812
9.007206
11.622766
2.689756
-6.986597
-2.665546
9.303577
15.408689
19.589983
32.238945
40.396313
36.206715
39.058983
50.140648
56.942841
59.531864
55.068417
48.172592
43.697479
33.655201
22.064182
13.302145
5.053041
3.626276
8.181580
11.093579
10.560728
11.330066
18.675646
24.316717
22.477287
22.477709
27.613789
33.743958
40.556637
47.425030
49.557999
49.166969
53.377415
58.014397
60.756824
59.953106
49.650234
42.939556
42.299355
33.866428
29.492540
28.662348
16.272072
10.176498
17.933987
22.225357
24.667274
31.923618
38.896622
44.444538
49.396828
51.582207
56.504757
68.563568
78.991325
82.817528
81.029480
76.120880
75.849602
79.085335
82.720825
86.465767
83.414795
81.103241
84.673584
75.705971
54.872627
41.053074
34.107224
24.934317
14.835871
7.102563
-5.268018
-22.093952
-31.638714
-36.835110
-48.288288
-65.512566
-78.392799
-81.192886
-85.467445
-93.426064
-93.013588
-92.529343
-101.379044
-108.347702
-109.026482
-109.584785
-109.611633
-107.433022
-104.602463
-101.731468
-105.275520
-114.168968
-113.246658
-107.356476
-104.226326
-94.696693
-86.626587
-81.840378
-71.742935
-68.431206
-68.767769
-63.948254
-62.489841
-58.783344
-52.636940
-53.748066
-57.186222
-57.277336
-51.441452
-44.473087
-42.360691
-43.966244
-51.733025
-57.811375
-59.365265
-62.534527
-57.161640
-54.317390
-66.872948
-75.279984
-81.691574
-90.583855
-87.782524
-81.084381
-78.850426
-79.176056
-79.891388
-75.134445
-64.923920
-47.142159
-32.102196
-34.937752
-41.548401
-45.644295
-49.533451
-43.405045
-35.878040
-32.655884
-27.612194
-24.197489
-21.489183
-21.576481
-21.418167
-14.023561
-13.370502
-15.992828
-6.590163
2.472741
5.778706
9.044762
11.314206
16.374891
22.953136
25.007271
20.674757
11.360365
5.759357
8.210885
12.173953
11.592135
8.522173
10.649681
16.332602
74.862122
73.272568
72.068268
68.053238
69.134239
75.805748
81.039841
84.786186
86.634956
84.959900
80.678230
75.174942
64.442085
51.648758
50.386932
51.223782
43.596073
42.222549
43.408340
35.005775
24.711044
12.053742
-4.756885
-15.416052
-23.567238
-40.556713
-56.351482
-56.769894
-49.028549
-45.096516
-51.186539
-64.799400
-72.370316
-76.545273
-90.502754
-108.817680
-120.548393
-126.554375
-137.248032
-148.731628
-143.811844
-131.420456
-126.884392
-122.942108
-113.403763
-99.912132
-88.969490
-83.556244
-75.888084
-65.665482
-55.443893
-42.738102
-32.078854
-27.508307
-23.054544
-12.355548
0.280998
11.058285
24.835875
38.398350
45.180874
50.040329
62.866447
83.428162
97.390602
103.473114
112.014389
118.277451
119.355064
119.432602
119.806099
124.041328
131.167175
137.811005
139.552109
136.214645
137.046173
136.059204
126.910568
119.975967
114.613899
111.708611
117.366341
121.002457
117.020309
111.709923
104.245392
91.667931
78.687302
68.489822
56.420856
40.891140
24.287758
14.530073
18.131166
20.271866
13.026636
7.980805
3.319792
-6.191953
-14.444441
-12.340765
1.050261
11.112368
12.715061
14.636527
21.259609
31.547775
35.838207
35.157043
37.894115
33.107815
18.597391
7.674113
5.151119
7.498343
3.746281
-3.686152
-2.432376
-1.991369
-11.039990
-19.037529
-20.527412
-22.839958
-29.788837
-34.034134
-32.678635
-28.791599
-22.861971
-20.787323
-23.500385
-22.535545
-23.597567
-35.281208
-45.451084
-47.337574
-51.385460
-56.768604
-60.174774
-65.496101
-67.133911
-66.140152
-68.481911
-69.278793
-67.474228
-60.198402
-46.509510
-34.974625
-27.339680
-26.027922
-28.643515
-27.550608
-25.673702
-18.008690
-6.188158
-3.781517
-5.367441
-9.589527
-16.472313
-11.947145
-3.153888
-4.240399
-10.867686
-16.338232
-13.590019
1.143627
19.139021
27.410608
25.244663
22.151260
22.114059
29.130873
42.114433
45.093460
37.488548
39.470116
52.441341
60.310902
63.703709
68.392868
69.003067
71.273827
81.409531
91.344971
96.624283
91.374901
78.814636
78.622391
89.497482
94.508186
95.652092
105.545883
115.958511
108.305038
97.306953
99.865143
100.852165
98.767899
101.844238
101.313911
95.175148
88.355835
81.073380
71.861626
60.184193
50.242371
46.786068
50.715927
54.513855
48.871643
36.621548
23.531126
12.126095
3.549070
-3.429350
-7.974422
-10.677961
-10.099761
-4.527653
-5.169676
-19.510668
-40.447166
-61.064785
-74.788933
-73.562889
-61.829693
-56.198879
-58.667114
-59.047943
-59.775948
-62.367863
-59.871307
-52.205116
-45.329807
-42.259235
-38.256760
-37.574871
-51.548405
-69.242386
-74.479668
-68.469582
-62.155239
-63.437443
-62.844997
-54.543453
-48.282745
-46.443012
-42.373039
-28.645607
-15.089664
-13.477809
-5.017789
14.018347
24.653837
26.626907
19.468493
6.923115
-0.770718
-11.688914
-25.531830
-32.232632
-32.522949
-25.539711
-15.327016
-10.953588
-11.330597
-13.515358
-18.092527
-22.222979
-22.534924
-18.699612
-8.298957
6.183445
16.644087
21.459291
18.311676
8.513233
-0.832636
-8.568879
-9.568779
-11.405277
-26.785210
-37.635391
-41.452408
-51.368740
-52.081150
-47.356094
-53.941891
-59.344807
-58.316223
-56.685871
-51.806538
-45.367462
-41.774837
-39.921642
-37.888432
-37.044319
-31.541954
-14.110829
7.260984
26.479950
42.203201
51.145531
58.497459
64.318695
68.491226
77.988007
85.312386
89.097984
97.590630
96.886108
80.911301
70.013062
68.909569
65.913506
63.342640
61.844757
51.047947
36.878212
30.333155
26.171854
18.185053
5.710119
-3.913228
-4.428115
-5.982122
-11.143308
-11.341098
-11.424496
-17.884268
-25.509792
-28.975410
-31.648224
-35.349003
-34.469040
-29.471193
-26.863005
-32.506065
-42.111370
-42.574024
-40.471741
-42.343616
-37.384541
-30.536163
-23.328707
-10.888117
-5.399075
-4.365267
-2.584065
-6.044137
-5.910803
-2.000297
-3.739542
-8.988220
-12.947002
-12.528464
-14.986454
-21.595098
-25.170940
-31.277672
-35.597679
-37.817513
-46.864742
-51.806915
-60.804691
-82.208817
-93.898888
-99.725624
-106.454582
-102.622665
-97.445587
-98.287949
-101.560196
-102.816788
-95.932396
-82.399117
-60.562065
-39.803024
-36.869553
-43.704552
-51.474155
-54.838291
-47.190510
-38.864109
-33.414963
-26.493280
-21.346844
-21.591827
-29.704535
-33.616753
-28.556149
-29.659439
-29.743792
-19.149668
-8.930350
-1.240505
4.891592
8.629167
15.364083
25.453970
31.459249
26.071774
13.910472
4.628197
-2.272314
-8.694560
-14.555454
-19.166294
-18.409927
-14.943679
-6.519029
-14.414059
-20.672659
-28.709291
-28.566872
-22.450495
-19.293854
-16.887928
-18.877781
-26.179031
-32.814835
-36.786415
-42.976028
-51.793617
-51.195381
-47.986595
-52.981430
-53.430893
-51.761948
-55.162170
-57.931217
-65.724304
-77.181946
-82.158325
-81.484802
-80.611389
-80.460068
-68.700623
-37.451920
-1.023066
24.694405
46.780460
81.178741
114.361008
132.389130
148.094177
156.583649
151.871323
147.245483
138.857468
124.057358
113.509171
103.853378
90.728592
86.806107
92.930939
88.608078
79.239441
76.992676
63.964893
47.105366
42.818638
34.627632
22.783756
17.735733
11.782139
4.422108
0.064569
-3.854425
-10.540926
-18.701992
-26.696861
-31.390152
-30.013428
-34.100571
-44.600380
-51.757767
-65.653450
-84.768028
-99.475235
-116.005112
-131.435944
-143.250687
-153.425919
-161.721619
-170.739868
-173.769592
-176.117981
-185.303024
-187.636917
-186.701889
-186.362427
-174.297470
-158.370529
-146.164200
-133.833618
-126.494064
-127.114349
-130.594666
-133.562149
-138.112030
-143.078445
-141.998993
-131.274460
-113.934082
-101.593674
-97.183167
-92.825531
-90.119965
-90.366562
-87.305984
-72.759895
-47.350689
-28.376869
-21.220718
-16.507587
-9.624763
2.711779
12.913765
14.024593
10.969372
0.156824
-19.319824
-34.743210
-34.610432
-23.674419
-20.219677
-22.490807
-16.479641
-9.988596
-13.189925
-20.322399
-23.439297
-22.659935
-21.172176
-16.082758
-4.079243
11.536354
23.448807
26.940594
25.427628
27.197025
31.594212
26.620327
15.913715
10.789371
5.575539
5.770788
18.375443
33.763767
53.385487
70.992844
75.539352
73.410614
66.490448
60.713284
56.647984
43.332256
24.780781
0.125277
-27.314707
-47.897415
-68.609520
-81.272202
-85.075684
-95.612671
-101.563675
-101.461777
-104.569153
-101.630615
-91.846848
-82.142380
-82.033257
-91.092789
-90.251740
-78.781693
-68.556824
-60.587276
-53.344894
-46.504951
-42.279320
-37.052177
-28.204395
-23.272820
-18.192213
-1.015631
23.360626
39.131649
46.151333
52.158596
50.856136
48.509426
56.322376
60.789791
55.844837
43.014942
22.952450
13.319073
15.061039
10.299887
1.712416
-1.858162
-8.426036
-26.073513
-42.068794
-47.263344
-52.837318
-58.960621
-60.297718
-62.313622
-64.404724
-65.332092
-67.752342
-71.065521
-75.792488
-80.609207
-80.982582
-76.291725
-72.518822
-73.267517
-74.305443
-74.020660
-72.229813
-68.057495
-66.893524
-69.543945
-68.978867
-62.787655
-54.013325
-48.103649
-47.509415
-47.807995
-48.062141
-50.533852
-47.030079
-32.747139
-20.564587
-17.386492
-16.620491
-16.371536
-17.179789
-13.905758
-4.122093
3.638474
5.736105
8.484207
4.394051
-14.018188
-34.506905
-45.257202
-43.769146
-40.397934
-46.941368
-54.971382
-55.255947
-51.649811
-52.140114
-55.377350
-48.856194
-40.241188
-39.074432
-29.464149
-12.224687
-1.484673
1.437410
-3.945665
-11.669729
-19.170052
-31.594603
-43.494049
-51.554123
-55.087715
-49.622955
-40.403351
-35.030800
-31.717955
-24.105940
-10.717724
6.156164
25.781853
42.784084
53.912411
61.872829
65.388397
63.273342
53.780865
38.449223
25.560913
14.986755
2.913103
-14.277307
-36.514484
-48.344170
-50.031685
-55.983349
-57.100452
-54.980942
-65.687950
-71.858673
-60.517155
-51.402580
-49.156151
-46.927666
-46.650330
-41.911407
-34.660667
-32.279636
-23.037264
-8.919745
-0.767353
9.132622
16.611076
16.636509
17.026630
14.649044
13.669949
14.469379
2.542604
-12.234374
-22.149218
-43.265526
-74.099419
-99.071960
-114.707352
-128.486038
-140.908142
-147.925690
-160.508667
-177.808838
-184.555481
-187.800613
-197.449387
-210.143402
-218.306854
-215.599991
-211.075790
-207.234421
-196.025436
-187.353485
-186.282227
-183.256607
-174.851379
-161.182892
-144.595367
-126.091309
-105.289169
-89.686142
-86.859711
-90.664154
-90.907593
-94.239944
-101.445084
-99.654892
-97.644516
-98.451050
-91.253815
-85.141144
-78.563515
-69.278000
-69.735184
-68.125702
-61.572498
-65.358673
-71.208687
-70.904320
-68.506729
-65.501442
-61.781963
-59.532593
-62.172253
-65.187675
-71.632378
-80.450943
-75.262939
-72.923714
-87.529205
-96.783279
-103.728012
-112.913773
-109.752014
-103.009338
-103.647308
-110.485687
-117.327469
-116.242386
-109.086563
-94.355316
-78.020683
-73.284279
-75.639420
-83.193428
-91.933670
-90.513168
-84.892654
-78.867218
-71.268333
-67.054207
-66.761971
-70.508354
-68.943832
-58.527393
-55.895569
-55.575497
-43.838737
-31.934948
-24.462336
-15.890186
-7.582802
1.802570
13.071159
17.752125
10.920460
1.770161
-2.989340
-5.110180
-4.093042
-4.902702
-9.647846
-8.338713
-2.776318
-18.720455
-26.328278
-33.108318
-39.642967
-37.790771
-30.518936
-26.153063
-23.019558
-23.581539
-29.458794
-35.095589
-37.643944
-42.162865
-49.845085
-48.846226
-43.109699
-45.761879
-47.660130
-47.160282
-51.878517
-55.491711
-59.791767
-67.297058
-67.672859
-61.117783
-56.894901
-54.192421
-39.368568
-3.392811
38.487576
67.660370
92.171364
123.238342
149.175552
161.948608
170.549713
176.929642
173.660919
159.770096
142.037170
125.512924
111.987717
101.532677
90.785301
84.802849
87.554420
87.298271
83.982521
80.504723
66.402634
51.197044
46.902199
40.805256
27.336571
17.672821
15.530954
9.059576
-3.509273
-7.280592
-3.525993
-4.794207
-12.141428
-19.220036
-24.634277
-36.441299
-50.918404
-60.064693
-72.580139
-89.140976
-104.602051
-120.426773
-133.604095
-143.828400
-151.415344
-159.078323
-168.862686
-172.242706
-175.386826
-184.434814
-187.079895
-184.887390
-179.473206
-164.194656
-147.989487
-136.750214
-127.470299
-123.719620
-126.583191
-129.100266
-128.986420
-131.254883
-135.013489
-135.983749
-130.689178
-116.574776
-102.322594
-93.905586
-84.865379
-72.319344
-58.959141
-45.908157
-25.548466
3.593950
26.588272
39.926689
50.493492
62.185318
76.043228
83.293427
84.356483
84.812439
76.176384
58.816849
43.011761
36.907951
40.194790
37.729527
30.280712
33.648533
42.252914
43.495926
42.158138
46.273941
50.105328
48.763779
49.448372
55.444733
63.507378
69.902290
72.285507
72.419106
74.715157
80.742355
81.342949
77.094994
80.090584
84.259338
90.239426
105.435371
119.730164
134.461288
147.459503
145.299667
132.808701
116.726624
104.159531
94.318344
75.850471
54.852592
32.285030
9.267200
-4.554379
-17.710434
-26.256702
-27.867243
-38.107376
-47.347553
-51.652164
-58.793995
-58.039539
-48.302441
-37.280487
-32.772232
-38.072968
-40.590229
-37.446648
-33.905655
-29.265717
-21.846699
-8.369858
2.583475
6.069408
11.660063
14.800932
15.547287
31.817650
60.082039
78.475876
84.970764
88.314629
84.642250
76.608391
72.612534
67.761040
58.887009
41.987827
16.342394
-1.711034
-11.867479
-27.940258
-46.706387
-61.659458
-77.195724
-99.654373
-119.867432
-127.870880
-135.915497
-147.548309
-154.505859
-159.547638
-160.334595
-157.288513
-158.739944
-161.724274
-165.017090
-169.923904
-169.960281
-164.845276
-159.232971
-154.264435
-150.662048
-148.142441
-144.302551
-137.394577
-130.897400
-127.755379
-122.111687
-109.086632
-93.014450
-82.517021
-80.007683
-78.101044
-76.138016
-77.230759
-71.303986
-54.841984
-38.366875
-27.494308
-22.030712
-18.060675
-14.753071
-11.511009
-1.536456
7.496834
9.108450
10.734779
2.401699
-21.256609
-45.778965
-62.083412
-64.983307
-66.168228
-78.895134
-88.442841
-85.166740
-74.373718
-65.542389
-62.052643
-48.761734
-31.928307
-26.788248
-16.990173
0.547374
12.067522
16.383032
14.185188
11.705572
8.920544
-2.927513
-18.233099
-28.745834
-30.824476
-23.360277
-14.693903
-11.609957
-10.691688
-4.678183
8.365522
26.939835
48.781017
65.870079
75.793709
79.817101
72.576439
54.688072
29.610931
1.711295
-21.767878
-42.141701
-59.093006
-74.946404
-94.925507
-104.379105
-102.049271
-104.831398
-104.037453
-99.517555
-107.679695
-112.515694
-103.486191
-101.612755
-107.094421
-106.094833
-100.145607
-89.763710
-80.222855
-75.909698
-63.188095
-43.979519
-31.153845
-19.362001
-9.422966
-3.527977
3.346748
5.444605
7.447151
13.822437
10.915676
3.333548
-2.610725
-21.631563
-51.332413
-73.518524
-86.707573
-101.961456
-117.448273
-126.451134
-141.740555
-164.275040
-175.197266
-179.996826
-192.291916
-207.677322
-217.162003
-215.861099
-213.527603
-215.987778
-211.534454
-203.183578
-200.514420
-196.247299
-185.537979
-171.182877
-152.674042
-128.698151
-102.181885
-81.955643
-75.551041
-74.503029
-67.427185
-64.240936
-66.653824
-60.518604
-55.129986
-55.482273
-49.860558
-43.757164
-37.170914
-29.312283
-30.875395
-33.035271
-31.465425
-35.309975
-39.281273
-37.658203
-31.710970
-24.894146
-20.658024
-24.153070
-36.084587
-40.294113
-40.282532
-45.745338
-39.739311
-37.763851
-54.476391
-64.484070
-75.884125
-92.294640
-88.479904
-77.321823
-76.112488
-80.456581
-85.709587
-86.691170
-83.921486
-72.749199
-58.057549
-57.156590
-63.774822
-69.628090
-72.621445
-66.785385
-60.141842
-55.085808
-48.871742
-46.734180
-46.226185
-46.602306
-44.336052
-36.297428
-33.424637
-30.164305
-17.638161
-8.948480
-6.827704
-2.033864
7.341093
18.587162
27.049267
28.825024
21.807976
11.086397
4.882689
2.487555
1.351261
-0.149487
-1.564424
2.610773
7.362387
11.775883
6.761851
2.164801
-3.561289
-4.511869
0.838753
6.400043
12.357410
15.715172
10.553365
2.575703
-1.312317
-8.020893
-18.813997
-20.098818
-16.378050
-20.214041
-21.569735
-17.270281
-17.063189
-17.083094
-15.073904
-15.859964
-16.053591
-18.256514
-33.303024
-53.591148
-60.138184
-49.282776
-31.311682
-19.666685
-15.369734
-8.228676
-1.802355
-2.595459
-6.639681
-13.689520
-25.139505
-44.371567
-73.592102
-103.406143
-126.342194
-144.524796
-162.489105
-178.703308
-189.568619
-198.231888
-201.119644
-199.065231
-203.192581
-205.172485
-198.586227
-192.417267
-182.133820
-160.010376
-126.029526
-87.439415
-55.896629
-27.150229
7.795786
44.222977
77.411552
111.547531
143.601898
161.864929
174.307617
190.591721
200.343719
205.510498
212.300980
218.310318
224.611603
225.711655
223.495026
222.031342
214.245804
204.108383
190.377655
171.769989
161.849289
154.869202
147.199112
151.278458
159.961197
164.480774
167.465958
165.192581
157.090485
151.939240
150.586105
143.959915
131.463089
116.687912
103.021004
96.572334
88.426231
71.457916
57.193520
47.996986
38.619080
32.832752
40.346584
61.100075
77.298721
82.574844
87.766708
99.054596
113.665428
121.265022
123.233330
126.599197
122.924477
111.105438
99.933594
95.936127
97.982666
89.133133
70.782928
61.396774
54.253082
40.088848
27.162584
19.735434
12.553400
-0.807535
-17.556631
-29.545782
-36.880249
-43.725601
-49.962769
-53.692802
-52.013206
-45.439156
-41.472481
-35.955078
-20.399183
-4.359682
10.685698
29.235909
42.120491
50.567528
56.807190
55.116829
48.301548
40.182861
37.312244
39.253014
39.611805
42.881363
41.577087
31.178627
25.127995
25.248302
31.958160
42.372818
48.852493
56.044746
55.864426
39.926735
23.153561
16.474363
14.248917
1.809040
-20.314241
-36.645424
-46.676163
-55.665115
-66.474724
-79.062584
-88.252502
-96.501472
-103.033997
-109.043793
-123.709930
-137.349533
-139.578659
-138.778137
-139.217377
-135.246155
-125.718414
-118.019882
-109.302872
-91.665215
-67.906738
-39.639214
-18.446337
-12.153173
-0.817442
19.133051
33.205151
45.209534
60.818878
72.604797
72.661766
71.583115
80.137474
84.827034
81.839233
79.065491
72.255219
63.457695
55.272324
42.254684
26.365452
10.431129
-3.468767
-8.769049
-5.592512
-3.477766
-6.647348
-10.529209
-14.798258
-19.872229
-24.088259
-31.948122
-41.806618
-44.636757
-37.629974
-22.930944
-9.856232
-4.239470
2.939306
12.854408
18.883457
27.716608
41.659431
50.552200
54.554825
58.930244
60.897408
60.331909
63.723969
73.685699
83.890373
90.562408
93.672279
84.097427
59.060783
30.925900
11.079995
4.688253
1.084063
-11.374550
-22.642424
-25.809893
-24.805956
-23.462572
-21.330835
-8.793039
6.151291
11.012080
20.536871
39.059158
55.157219
63.664787
61.927094
58.987892
58.319679
53.501938
49.564621
46.969570
44.270599
44.684669
45.117020
47.523773
52.424965
56.121574
63.432831
77.532402
96.519249
115.728081
131.190018
142.461334
146.412689
143.793427
136.673645
126.242363
117.013046
105.782539
91.869370
74.914421
49.023338
27.549000
15.607172
1.912008
-3.282240
-2.198103
-10.101009
-13.191339
-7.428019
-9.315294
-15.686087
-18.683699
-24.135954
-33.315804
-41.849037
-47.092308
-42.304047
-28.234655
-13.220587
4.304183
19.659908
27.958118
40.342590
55.218513
66.516861
76.724251
79.967392
81.208992
85.227692
76.603065
58.118614
48.230087
44.995949
38.790497
34.243073
32.456360
19.998348
1.782219
-5.638813
-9.516930
-20.789316
-38.890602
-58.193237
-72.462639
-86.682198
-99.181145
-101.198608
-103.464127
-115.240799
-127.084137
-130.638382
-126.936172
-119.004333
-111.423706
-111.670685
-117.651917
-122.947861
-123.493958
-113.090210
-100.401550
-86.985710
-59.551308
-33.352768
-18.801123
-6.225256
1.304684
11.277199
23.799316
26.038340
27.281748
28.075516
24.908871
24.252983
20.987541
20.329483
26.571072
27.983143
17.541561
-5.994125
-27.671568
-38.678894
-43.760262
-35.574776
-29.556952
-39.237717
-46.737892
-60.339378
-84.202995
-93.529884
-88.365685
-82.900436
-82.299530
-83.547508
-82.296303
-78.978020
-66.615089
-51.897110
-47.611046
-43.705681
-40.310921
-39.579964
-30.540415
-19.548956
-12.750486
-7.949444
-6.300367
-5.070272
-5.146662
-1.602016
7.833703
10.067804
11.888085
23.640274
31.910633
32.830811
34.360275
38.402168
42.717812
44.065598
42.211815
35.536880
24.974411
16.248318
9.596482
4.260076
-3.441517
-15.889009
-21.516291
-18.142916
2.213425
-7.909326
-14.774287
-17.318159
-14.568872
-7.714369
-2.845030
2.297943
6.323126
2.646261
-3.323494
-5.118787
-10.900923
-23.598839
-27.169018
-22.416189
-25.906420
-30.790695
-30.230021
-31.253441
-32.975639
-38.292091
-49.072075
-56.699883
-62.486385
-71.323204
-76.502701
-70.768822
-55.508808
-38.414185
-29.416756
-29.563564
-27.461609
-22.546930
-23.599766
-25.212561
-23.966349
-23.569799
-21.355314
-21.118942
-23.660357
-17.118254
-2.333984
10.358595
22.548668
38.218929
50.868591
58.202286
68.962578
78.737602
76.972343
74.454689
76.119926
68.630821
59.050209
59.864777
57.293007
44.307308
32.866680
25.554741
14.672523
-1.225348
-10.662659
-13.176743
-25.417526
-41.038342
-49.018284
-60.799831
-74.523499
-84.129417
-94.076019
-99.289879
-100.121704
-104.227013
-112.283928
-118.412781
-117.661888
-120.300575
-126.648254
-125.129196
-125.927376
-129.577332
-124.609779
-120.547668
-119.054695
-113.072296
-109.240181
-110.777229
-112.346924
-110.449127
-108.488091
-110.974907
-114.171440
-109.530205
-93.907524
-78.461258
-72.440674
-70.171974
-69.402267
-70.095245
-68.963112
-65.747849
-58.181656
-51.080376
-53.563911
-58.777267
-56.263763
-49.464615
-46.408825
-45.238560
-42.704948
-46.584961
-57.511963
-62.865543
-56.279469
-42.868675
-34.947540
-35.376751
-30.515068
-20.352015
-18.578476
-20.533665
-17.457064
-15.614678
-17.610046
-18.692846
-15.526149
-8.654165
-4.725785
-6.418915
-10.429832
-13.329437
-15.611163
-24.970646
-35.952751
-37.519485
-36.392651
-34.746880
-34.111923
-37.860851
-33.637688
-23.527580
-16.551788
-10.103788
-9.424849
-9.122826
-3.839642
-3.155077
-5.423470
-11.469905
-20.745689
-24.463917
-25.517323
-22.976912
-18.852898
-20.258408
-21.542835
-23.791954
-27.197422
-23.112171
-10.907396
1.051577
-4.237289
-21.620567
-26.217102
-19.494530
-12.299955
-8.637444
-9.026173
-4.544500
3.485500
10.894358
19.287273
20.164448
14.128819
14.375576
21.742035
30.780010
44.547325
59.802887
63.634491
62.956711
68.056313
68.906075
64.387680
55.189041
36.963509
23.408451
20.109959
14.651680
5.481602
-2.403183
-15.136416
-38.371780
-56.764458
-60.233425
-61.362579
-61.635696
-57.737598
-56.439785
-56.004955
-55.095161
-57.623795
-62.460407
-69.112244
-76.157578
-79.117149
-77.067902
-73.974869
-73.666275
-75.368660
-75.235344
-71.024033
-66.481476
-64.973877
-65.002548
-66.985840
-68.219963
-65.084511
-62.434101
-63.510433
-66.945557
-72.447357
-79.169495
-82.368263
-77.458656
-72.189178
-73.518784
-74.751938
-74.363098
-72.073456
-59.273895
-37.642708
-16.909800
2.246740
18.692726
21.165154
6.694065
-11.402728
-19.473577
-15.693074
-14.342219
-23.781504
-32.766048
-36.954834
-41.730843
-52.369770
-67.119926
-71.550049
-72.005852
-81.460388
-82.945946
-72.692490
-65.678635
-64.166618
-66.752548
-66.892494
-62.489647
-59.893768
-57.032936
-56.763454
-63.297581
-69.325523
-69.181564
-60.570129
-43.868008
-21.842060
2.450674
22.601784
34.431725
39.592373
40.990398
35.269012
22.260044
13.229305
8.135891
2.744055
0.874397
-2.727726
-7.130180
-10.647839
-21.301622
-28.149078
-26.983940
-28.745016
-25.680611
-21.482399
-28.321571
-31.462124
-26.197298
-28.224165
-33.294830
-28.459625
-21.196655
-18.705322
-14.930346
-9.254570
-1.389421
8.255342
12.537289
14.853340
16.626244
13.047096
10.803827
11.006710
12.632271
18.167877
18.318424
15.729164
17.874508
8.677200
-14.870794
-31.640091
-38.117020
-46.087479
-53.854305
-59.052670
-70.495789
-84.166748
-91.042130
-97.012436
-105.396492
-114.777313
-122.168190
-121.152130
-117.797836
-117.874710
-113.287422
-105.091469
-103.085220
-104.630516
-102.761726
-102.500328
-106.160042
-106.293045
-103.112740
-101.388214
-105.820473
-113.765709
-112.747269
-109.179283
-107.298866
-94.083893
-80.210785
-72.906029
-62.232834
-52.367550
-39.216061
-20.030796
-3.857266
12.526880
28.407204
40.967922
49.101349
52.136360
61.754204
72.418701
74.177071
71.893318
58.292152
39.093967
25.188778
14.855438
14.998524
8.956087
-14.069750
-33.224426
-55.855583
-81.726852
-89.056938
-86.307426
-85.162483
-88.944756
-94.779198
-93.140984
-88.377792
-78.146927
-65.110916
-64.752007
-68.683762
-68.847702
-65.329918
-53.369114
-41.265419
-32.454674
-23.969521
-17.413195
-11.586965
-9.086920
-2.865047
7.860136
6.197239
3.686567
14.572803
24.071781
28.317337
32.829746
38.527180
47.542717
56.752373
60.995659
55.640579
42.292820
30.740543
23.826439
17.799065
9.304626
0.990585
1.337652
7.081131
-2.940079
-8.832386
-13.008653
-15.410080
-11.717416
-4.550615
0.676001
6.593237
10.576960
9.150627
5.716143
2.398972
-5.941200
-18.333420
-20.013664
-15.718083
-19.882975
-22.191435
-20.061468
-21.982254
-24.238930
-28.918804
-37.531715
-43.899242
-51.053356
-62.727646
-70.998695
-66.128365
-50.454044
-34.744110
-29.180050
-33.887581
-34.828262
-31.661289
-35.009045
-36.856014
-32.660194
-27.877289
-22.053680
-18.950150
-17.373661
-10.669907
-2.003508
7.300013
19.628763
30.549776
36.147064
42.480835
52.112572
54.490784
50.441269
52.526695
55.800430
48.132835
36.920624
36.616158
40.016228
34.148438
27.194044
23.813585
14.281420
2.029881
-1.603870
-4.217775
-17.434904
-28.676432
-31.309206
-39.893005
-52.668388
-63.140472
-72.910629
-76.600998
-78.223671
-82.990540
-87.895981
-92.031731
-91.121277
-92.223366
-99.415291
-100.674255
-102.511711
-107.574692
-104.390633
-100.706276
-99.224770
-94.118111
-92.951057
-97.585442
-99.882698
-96.592857
-93.334312
-94.824547
-96.242119
-92.366676
-83.963081
-77.619781
-76.928757
-76.328690
-74.926201
-76.035973
-76.741211
-71.071259
-58.588570
-49.850105
-51.189262
-53.952019
-49.626682
-41.052624
-36.304733
-34.310387
-31.732035
-34.887547
-44.113106
-51.083973
-49.681519
-40.814430
-35.901207
-36.775524
-31.723948
-24.669388
-25.890560
-27.645802
-23.108238
-19.403664
-19.867575
-21.365713
-20.751947
-16.364828
-13.818360
-16.587168
-20.608498
-23.237602
-24.876911
-31.466412
-40.903496
-43.854202
-45.823906
-48.502468
-48.338043
-49.147434
-45.014801
-36.289448
-30.669409
-26.473795
-25.110584
-22.793272
-19.161259
-22.437265
-28.470524
-36.777317
-45.797356
-49.085693
-51.129879
-47.827400
-40.441765
-39.550716
-40.035236
-41.959358
-45.348930
-39.917019
-25.254128
-11.034232
-12.720336
-27.606224
-35.836082
-35.680279
-33.359398
-31.019676
-25.389679
-13.491793
-6.186402
-2.926735
1.968664
-0.133219
-4.449791
-0.669336
8.352945
18.153170
28.987741
40.094887
43.622375
45.044853
53.070885
55.536606
50.533257
41.015999
23.264845
11.564371
10.118471
4.960775
-2.670025
-6.376436
-13.806488
-32.077084
-45.952080
-46.885979
-50.716309
-55.010162
-51.906574
-51.359474
-52.155029
-51.378304
-54.084724
-58.950325
-65.357742
-73.034668
-78.012810
-78.276787
-77.811646
-81.748611
-87.102654
-88.639168
-84.248909
-76.146729
-70.116829
-67.457855
-68.576904
-70.212311
-66.864609
-65.819824
-70.189049
-72.725449
-77.263092
-86.671165
-89.255737
-79.614182
-69.814079
-67.900192
-67.942657
-66.635742
-62.877884
-52.258831
-35.918533
-20.021978
-7.130235
4.264357
7.500084
-5.547801
-24.335320
-33.380169
-30.341797
-26.060986
-31.170872
-38.137630
-38.376625
-37.406712
-42.577358
-52.197006
-53.891373
-50.788433
-54.111046
-52.330360
-43.992176
-41.519676
-44.310287
-51.554642
-56.455887
-54.247261
-53.760132
-54.815987
-57.669746
-64.777885
-69.149208
-67.632683
-57.193497
-37.303555
-13.197753
13.591463
35.548790
46.238358
50.498016
50.423340
43.181801
30.131926
18.378828
10.280430
4.939642
3.723345
2.101444
-0.519159
-5.571219
-19.528822
-30.104322
-32.332451
-36.642815
-35.614441
-32.380955
-38.970955
-41.851654
-37.095974
-38.972000
-43.588318
-41.345047
-38.255299
-36.626171
-30.898088
-25.012884
-19.049183
-9.520366
-3.532869
-0.766884
0.167196
-3.252609
-4.132427
-3.931353
-2.916708
3.101776
2.806202
0.339239
5.022577
-0.555151
-19.247286
-33.548298
-42.047585
-52.668320
-63.326775
-70.249168
-81.122482
-96.135391
-105.142464
-111.514381
-121.116219
-131.584137
-136.661911
-132.075653
-128.592438
-129.142731
-120.788025
-110.187126
-110.166313
-112.083565
-108.840607
-107.653557
-108.930725
-106.322258
-102.233696
-100.402306
-103.660553
-109.779617
-108.853592
-107.165619
-107.497147
-97.881615
-88.059273
-82.393234
-70.978676
-60.178078
-47.980461
-32.098969
-20.518036
-7.444866
8.726879
23.661215
35.367447
42.659386
53.841995
65.761917
71.136864
71.123520
59.828995
43.844124
29.049185
13.735815
8.560825
0.002531
-23.192995
-42.298798
-62.112694
-83.837257
-89.174057
-83.465508
-78.155029
-79.454948
-85.901886
-87.504784
-84.438866
-73.911148
-60.888123
-60.298828
-63.670670
-63.242760
-60.803581
-51.052986
-39.314045
-31.079586
-22.961876
-14.632513
-7.849757
-4.910591
1.025070
9.803001
8.438026
8.087959
19.942694
29.623117
34.420441
40.155792
45.501198
52.865181
61.197388
62.462852
52.629242
38.586288
28.445398
20.232012
12.822729
6.494282
-0.047375
-0.628237
4.160587
-15.897223
-16.588552
-16.890711
-16.054647
-12.387959
-8.431150
-4.698570
0.942300
3.404180
1.878382
1.366950
1.517600
-4.497864
-16.099079
-16.863943
-9.635675
-12.409472
-16.369968
-14.881393
-16.987684
-20.935600
-28.231575
-40.575169
-48.490112
-53.052639
-61.935543
-68.265305
-61.385056
-44.166130
-27.128958
-21.315855
-27.615898
-30.165657
-25.191484
-22.158247
-17.171883
-9.418993
-5.189068
-3.495043
-5.123339
-8.336815
-7.430649
-3.908816
0.869383
9.836267
19.675194
24.520966
31.226543
43.762184
49.418797
48.275391
52.933735
57.639423
50.593761
40.178410
40.595528
43.282505
35.816055
29.026424
30.833027
30.968582
25.651489
23.785847
22.358559
10.244351
-0.400112
-1.481428
-7.870462
-17.931137
-25.100670
-31.329567
-32.680107
-33.968616
-38.412483
-43.778210
-50.477707
-51.705368
-53.268085
-59.961826
-62.207256
-67.264183
-72.778046
-65.413353
-56.491684
-50.501957
-41.146835
-36.363537
-41.284241
-49.475990
-54.645927
-59.743980
-68.121315
-73.050774
-69.450653
-61.503819
-57.324360
-58.847889
-60.034386
-57.850868
-55.703369
-56.368881
-52.312389
-38.847290
-28.766029
-28.558453
-29.281742
-22.625561
-9.457964
0.586926
5.770310
8.548413
4.047254
-5.948450
-13.609536
-11.798828
-3.012454
-2.177658
-7.570595
-5.889891
-1.690220
-4.318271
-10.782631
-14.677967
-17.282969
-21.340391
-24.344234
-22.160591
-13.716924
-7.758667
-8.400589
-7.639446
-5.765527
-8.780152
-19.613007
-32.263279
-35.522079
-34.211613
-32.547077
-28.795069
-28.084835
-25.827179
-20.968893
-18.360542
-15.205190
-14.244110
-12.712675
-9.535758
-11.315259
-15.327678
-23.881268
-31.115635
-29.057564
-28.420265
-24.745007
-17.476292
-17.976431
-18.551188
-19.351379
-18.302485
-3.511140
14.676690
21.234402
9.288218
-12.279242
-22.382553
-20.411364
-16.767807
-15.721672
-13.510531
-6.668781
-3.066453
-1.061060
1.380077
-3.435842
-8.563051
-4.904638
5.425208
14.038102
18.806671
26.087299
27.947350
26.431515
33.945061
37.559586
30.902031
18.483627
2.149098
-5.027673
-4.331641
-7.648518
-14.602600
-21.542561
-29.586411
-45.203632
-55.784622
-51.278679
-52.250023
-57.373672
-54.948299
-55.748100
-58.100632
-57.537045
-57.682999
-59.525425
-68.576294
-81.064133
-86.661568
-83.818703
-78.648911
-79.976662
-84.039612
-82.287048
-75.274117
-66.445358
-61.055828
-60.184731
-62.172340
-65.328972
-64.403534
-62.559723
-63.460686
-62.730206
-63.925701
-69.872269
-72.050087
-65.898163
-57.912373
-53.288540
-47.701027
-39.477940
-32.164341
-22.346113
-8.047513
3.750745
13.127212
24.016438
26.461376
14.536201
-1.274102
-11.086503
-11.429890
-13.265378
-26.355362
-35.208996
-32.802227
-30.986103
-35.372593
-42.115219
-39.282166
-32.515083
-33.378113
-27.020298
-14.168644
-9.651222
-11.032999
-17.303280
-20.282265
-15.644088
-14.444041
-15.423559
-20.781946
-33.608131
-42.886448
-46.092941
-41.174145
-24.836941
-1.315262
24.601158
40.506012
41.945084
39.600182
35.679836
25.812344
12.094644
2.520153
-3.976302
-14.056322
-22.314281
-25.090538
-23.646402
-22.036873
-25.944775
-22.184238
-7.280915
3.581574
14.144338
19.908443
9.224326
0.087624
1.550269
0.631364
-1.690074
0.884880
3.097827
3.363133
5.803876
6.823892
6.610450
8.125140
5.805284
1.668353
-2.784915
-9.906032
-12.698242
-13.879708
-14.308091
-8.086837
-5.295994
-3.430148
3.878411
-0.867693
-18.359356
-31.497169
-40.034702
-51.037952
-61.073017
-65.826546
-75.459587
-92.452835
-104.041855
-111.679298
-123.787407
-138.560989
-145.524460
-139.707535
-135.649918
-135.493515
-126.677437
-119.300293
-121.861252
-123.222847
-120.501877
-120.339821
-122.690498
-122.275795
-119.555176
-119.499794
-126.998672
-138.289337
-141.122711
-141.843109
-146.447708
-141.584091
-133.595306
-131.283325
-127.828369
-124.754440
-115.784096
-99.959892
-89.111481
-78.170807
-64.693283
-53.396465
-46.553177
-47.256916
-48.307133
-50.408478
-57.812000
-65.449631
-75.699142
-82.344673
-81.589317
-75.101402
-53.260147
-36.025864
-37.232624
-34.191544
-33.552090
-39.058720
-29.779171
-13.752403
-5.018008
-4.800044
-9.242208
-9.912475
-6.811439
2.555993
12.993226
11.106748
4.031674
-3.693982
-12.017545
-11.411850
-7.399799
-7.189393
-5.751338
-2.433829
-2.231050
-5.682181
-0.959198
10.256774
10.970775
11.007848
22.564259
32.788456
35.443222
34.271420
33.437393
36.706894
40.311035
38.744678
29.124504
14.451562
3.057179
-3.710171
-9.556049
-16.274200
-21.580952
-20.393194
-15.006053
