3,
31,
20,
21,
31,
-11,
-10,
35,
-23,
-21,
24,
-24,
10,
-35,
-28,
6,
-5,
18,
-34,
-33,
10,
27,
27,
-6,
-33,
22,
19,
-9,
-22,
10,
24,
-28,
34,
1,
16,
-10,
4,
33,
34,
-8,
42,
25,
26,
36,
-10,
6,
43,
-4,
13,
4,
-20,
-19,
10,
-24,
-33,
-29,
9,
-38,
-45,
-21,
-24,
-25,
-37,
-62,
11,
6,
-7,
20,
32,
17,
18,
27,
46,
16,
8,
42,
8,
28,
12,
26,
-36,
14,
6,
-7,
7,
3,
-26,
10,
13,
12,
0,
-13,
12,
-20,
-15,
18,
9,
-29,
-8,
-34,
32,
-4,
13,
-18,
3,
20,
44,
24,
12,
36,
-1,
36,
-14,
-19,
5,
-25,
18,
-39,
-16,
-3,
-7,
-32,
31,
5,
-20,
18,
48,
62,
-2,
-31,
17,
-16,
-30,
6,
24,
-36,
23,
26,
-6,
-26,
15,
-11,
-2,
28,
-14,
-13,
-4,
-7,
3,
-23,
-33,
-22,
-30,
-20,
2,
-37,
-27,
17,
-11,
-22,
36,
16,
-13,
-19,
32,
22,
-5,
-26,
-11,
-5,
-15,
-37,
0,
8,
-40,
9,
-35,
-9,
10,
5,
-14,
12,
44,
-15,
19,
21,
50,
31,
17,
62,
47,
69,
-65,
-36,
-45,
-34,
40,
29,
29,
54,
43,
14,
45,
18,
49,
-1,
-7,
37,
26,
-19,
-41,
23,
5,
2,
-23,
24,
3,
-11,
39,
-17,
37,
7,
-33,
-17,
-27,
-2,
-15,
-29,
-25,
-10,
-25,
-6,
-22,
9,
-50,
-17,
-10,
-25,
33,
-37,
42,
-5,
3,
9,
34,
47,
-16,
12,
35,
32,
19,
26,
-1,
-17,
-8,
-31,
-45,
-78,
-16,
-32,
-42,
30,
-22,
38,
16,
53,
-15,
52,
46,
17,
43,
11,
39,
23,
20,
-2,
-39,
25,
5,
-36,
-5,
5,
-48,
-22,
28,
-30,
-31,
-5,
-1,
-20,
-13,
0,
41,
5,
-14,
10,
1,
23,
23,
5,
-9,
42,
52,
16,
-1,
52,
-37,
24,
10,
32,
-56,
-4,
-53,
22,
-46,
-4,
-33,
-53,
-49,
-35,
-31,
-2,
-27,
-23,
11,
1,
-28,
-13,
30,
-22,
-4,
2,
36,
-25,
-7,
31,
-20,
31,
-7,
-4,
1,
-15,
-14,
11,
-37,
-33,
-11,
-1,
-37,
1,
-16,
-20,
-36,
8,
22,
3,
28,
-21,
22,
-19,
41,
35,
34,
8,
-15,
28,
-11,
15,
-35,
-35,
-39,
-29,
-22,
-30,
-51,
-57,
0,
-17,
-33,
-4,
-26,
20,
14,
-9,
23,
15,
19,
6,
17,
39,
33,
11,
36,
12,
27,
0,
1,
27,
18,
13,
-4,
20,
-27,
19,
-11,
25,
-17,
4,
-7,
17,
-1,
-16,
19,
-18,
25,
-11,
24,
6,
-11,
4,
-13,
18,
14,
-19,
-26,
21,
-1,
-21,
-4,
-20,
-28,
1,
-28,
8,
-31,
-24,
5,
-29,
-3,
-21,
14,
-21,
-23,
2,
0,
-22,
-12,
-17,
74,
59,
43,
39,
14,
16,
36,
7,
-15,
2,
40,
0,
-14,
-30,
33,
-38,
27,
-4,
15,
-4,
0,
-18,
3,
-32,
-4,
-22,
-17,
-12,
-28,
2,
17,
-10,
-25,
-7,
45,
-18,
2,
8,
0,
12,
9,
5,
2,
11,
-13,
25,
-24,
39,
-14,
20,
22,
-18,
16,
39,
-17,
2,
21,
-16,
-14,
4,
-41,
-10,
-76,
-52,
-25,
-9,
-25,
-12,
-29,
-7,
-11,
-29,
-40,
-44,
-7,
-38,
-21,
-23,
-26,
-14,
-16,
-9,
-4,
16,
-4,
6,
-4,
10,
-11,
3,
16,
4,
-14,
-1,
7,
5,
21,
-13,
-11,
15,
9,
4,
-8,
5,
7,
-9,
21,
-7,
-10,
-17,
17,
13,
0,
-8,
0,
19,
0,
0,
-13,
7,
-3,
-19,
10,
-13,
-11,
11,
13,
20,
-48,
-54,
4,
-45,
-7,
-39,
-39,
-10,
-10,
-36,
13,
-30,
24,
-34,
32,
-8,
-12,
39,
-15,
36,
-17,
45,
16,
20,
-4,
-7,
26,
16,
9,
-24,
2,
12,
-10,
-29,
-20,
-1,
-29,
-14,
-14,
4,
-29,
-10,
0,
-32,
16,
12,
-3,
-11,
-4,
14,
40,
35,
-15,
58,
-7,
21,
27,
30,
36,
-11,
15,
-11,
20,
25,
-42,
-22,
-27,
1,
6,
35,
28,
24,
-4,
34,
16,
-28,
1,
23,
-32,
-1,
-27,
-24,
-30,
-34,
-30,
-31,
8,
2,
22,
-25,
-24,
41,
19,
23,
30,
29,
8,
16,
-12,
3,
4,
24,
-15,
-18,
18,
-17,
-12,
14,
-22,
-4,
35,
35,
6,
49,
53,
18,
3,
51,
23,
41,
8,
-17,
3,
-15,
-21,
-8,
14,
1,
26,
-10,
12,
-7,
-3,
-31,
16,
-33,
7,
-3,
1,
-2,
-18,
25,
16,
-25,
3,
4,
16,
7,
8,
-3,
2,
32,
38,
15,
16,
1,
36,
29,
27,
9,
-22,
7,
-20,
-3,
19,
-25,
7,
18,
-21,
5,
-6,
-1,
23,
-23,
5,
-27,
-27,
3,
-32,
2,
-51,
-10,
-6,
-45,
-26,
-13,
-3,
-9,
-29,
-23,
-2,
-29,
127,
77,
27,
15,
20,
-8,
23,
18,
-27,
-26,
-34,
-14,
-69,
-68,
20,
-38,
-1,
-25,
-37,
45,
4,
28,
9,
6,
49,
41,
-4,
9,
28,
-13,
38,
-16,
32,
-21,
-11,
-42,
19,
-38,
21,
-38,
-16,
19,
-53,
-15,
-43,
-8,
0,
-19,
35,
-44,
-21,
-17,
38,
-7,
43,
-22,
30,
18,
-9,
19,
54,
17,
50,
1,
0,
26,
55,
23,
-13,
38,
-5,
5,
-28,
-21,
-1,
-46,
-34,
-15,
-43,
-26,
4,
10,
-23,
-2,
-27,
19,
34,
-3,
5,
-13,
1,
-22,
30,
4,
4,
-37,
11,
-16,
-28,
27,
-31,
-8,
-31,
21,
-19,
-1,
7,
32,
-25,
-26,
6,
12,
-30,
-30,
-2,
-36,
-49,
-24,
-9,
1,
-20,
-29,
26,
-28,
-23,
32,
60,
60